1743286183409456384
1743286183448240896
1743286183488369408
1743286183527421184
1743286183567160832
1743286183607589120
1743286183648704768
1743286183690508800
1743286183733000960
1743286183775670784
1743286183816135680
1743286183856786432
1743286183897502976
1743286183935871488
1743286183974073344
1743286184012105216
1743286184049235456
1743286184086113280
1743286184122728704
1743286184158877952
1743286184194750976
1743286184230344704
1743286184265697536
1743286184300774912
1743286184335563776
1743286184370238976
1743286184404649984
1743286184438774528
1743286184472883200
1743286184506743040
1743286184540353280
1743286184573937152
1743286184607362560
1743286184640557056
1743286184673752064
1743286184706808320
1743286184739651072
1743286184772511232
1743286184805277952
1743286184837849600
1743286184870471424
1743286184902994176
1743286184935338496
1743286184967718400
1743286185000075008
1743286185032269568
1743286185064302336
1743286185096173568
1743286185127883008
1743286185159430144
1743286185190814720
1743286185222038272
1743286185253100032
1743286185284000000
1743286185314737920
1743286185345314048
1743286185375728384
1743286185405980928
1743286185436071424
1743286185465999872
1743286185495766528
1743286185525371648
1743286185554814720
1743286185584094976
1743286185613214464
1743286185642171648
1743286185670967296
1743286185699601152
1743286185728072960
1743286185756382976
1743286185784531200
1743286185812517120
1743286185840341504
1743286185871483136
1743286185904804608
1743286185938122752
1743286185971436800
1743286186004748800
1743286186038057216
1743286186071363072
1743286186104665344
1743286186137964800
1743286186171260672
1743286186204553472
1743286186237842944
1743286186271129344
1743286186304412928
1743286186337692928
1743286186370970112
1743286186404243712
1743286186437513472
1743286186470780928
1743286186504045312
1743286186537306112
1743286186570564352
1743286186603819008
1743286186637070592
1743286186670318848
1743286186703564032
1743286186736806144
1743286186770044928
1743286186803280896
1743286186836513280
1743286186869552640
1743286186902455552
1743286186935343104
1743286186968215040
1743286187001070848
1743286187033911296
1743286187066735872
1743286187099544576
1743286187132337664
1743286187165115136
1743286187197876736
1743286187230622464
1743286187263353088
1743286187296066560
1743286187328765440
1743286187361448448
1743286187394115840
1743286187426767616
1743286187459403520
1743286187492023808
1743286187524628480
1743286187557217024
1743286187589790464
1743286187622347520
1743286187654889472
1743286187687415296
1743286187719925760
1743286187752419328
1743286187784898048
1743286187817361152
1743286187850336512
1743286187883696640
1743286187917060352
1743286187950427648
1743286187983798528
1743286188017172736
1743286188050550784
1743286188083932160
1743286188117317120
1743286188150705664
1743286188184096768
1743286188217492224
1743286188250891264
1743286188284293632
1743286188317699840
1743286188351109632
1743286188384522752
1743286188417939456
1743286188451360000
1743286188484783360
1743286188518210816
1743286188551641856
1743286188585075968
1743286188618512896
1743286188651954688
1743286188685399552
1743286188718848000
1743286188752300032
1743286188785755648
1743286188819214592
1743286188852688384
1743286188886183680
1743286188919684864
1743286188953191680
1743286188986704128
1743286189020222208
1743286189053746176
1743286189087274752
1743286189120809728
1743286189154350592
1743286189187897088
1743286189221449728
1743286189255007232
1743286189288570880
1743286189322140160
1743286189355715072
1743286189389295616
1743286189422881792
1743286189456473856
1743286189490071552
1743286189523673856
1743286189557282560
1743286189590897664
1743286189624517632
1743286189658143744
1743286189691775232
1743286189725412608
1743286189759055616
1743286189792704256
1743286189826359040
1743286189859921920
1743286189893428736
1743286189926940160
1743286189960455680
1743286189993976832
1743286190027502848
1743286190061033728
1743286190094569472
1743286190128109824
1743286190161655040
1743286190195205120
1743286190228760064
1743286190262319872
1743286190295884544
1743286190329453824
1743286190363027968
1743286190396607232
1743286190430190080
1743286190463778560
1743286190497372160
1743286190530970624
1743286190564573440
1743286190598181376
1743286190631794176
1743286190665411840
1743286190699034112
1743286190732661760
1743286190766293760
1743286190799930624
1743286190833572352
1743286190867099392
1743286190900441088
1743286190933783040
1743286190967124736
1743286191000466688
1743286191033808384
1743286191067150080
1743286191100492032
1743286191133833984
1743286191167175424
1743286191200517376
1743286191233859072
1743286191267201024
1743286191300541952
1743286191333883648
1743286191367225344
1743286191400567296
1743286191433908992
1743286191467250944
1743286191500592384
1743286191533934336
1743286191567276288
1743286191600617984
1743286191633959680
1743286191667301632
1743286191700643328
1743286191733985280
1743286191767325952
1743286191800667648
1743286191834009600
1743286191867351040
1743286191900692480
1743286191934033920
1743286191967375360
1743286192000716800
1743286192034057728
1743286192067399168
1743286192100740352
1743286192134081792
1743286192167423232
1743286192200763392
1743286192234104832
1743286192267446016
1743286192300787456
1743286192334128640
1743286192367470080
1743286192400811520
1743286192434152448
1743286192467493888
1743286192500834816
1743286192534176256
1743286192567517440
1743286192600858624
1743286192634198784
1743286192667540224
1743286192700881408
1743286192734222592
1743286192767564032
1743286192800904960
1743286192834246400
1743286192867587584
1743286192900929024
1743286192934270464
1743286192967611648
1743286193000952832
1743286193034294016
1743286193067635456
1743286193100975872
1743286193134317056
1743286193167658496
1743286193200999680
1743286193234341120
1743286193267682304
1743286193301023744
1743286193334365184
1743286193367706368
1743286193401047808
1743286193434388992
1743286193467730176
1743286193501071104
1743286193534411776
1743286193567752960
1743286193601094144
1743286193634435328
1743286193667776512
1743286193701117952
1743286193734459136
1743286193767800320
1743286193801141760
1743286193834482944
1743286193867824384
1743286193901165824
1743286193934507520
1743286193967847936
1743286194001189632
1743286194034531584
1743286194067873024
1743286194101214720
1743286194134556416
1743286194167897856
1743286194201239808
1743286194234581248
1743286194267922944
1743286194301264640
1743286194334606080
1743286194367947776
1743286194401289728
1743286194434630144
1743286194467971840
1743286194501313536
1743286194534654976
1743286194567996416
1743286194601338368
1743286194634680064
1743286194668021760
1743286194701363200
1743286194734704896
1743286194768046592
1743286194801388288
1743286194834729728
1743286194868070400
1743286194901412096
1743286194934753536
1743286194968094720
1743286195001436160
1743286195034777856
1743286195068119296
1743286195101460736
1743286195134802176
1743286195168143616
1743286195201485056
1743286195234826496
1743286195268167936
1743286195301508352
1743286195334849792
1743286195368191232
1743286195401532672
1743286195434874112
1743286195468215808
1743286195501556992
1743286195534898432
1743286195568239872
1743286195601581312
1743286195634923008
1743286195668264192
1743286195701605888
1743286195734947072
1743286195768287744
1743286195801628928
1743286195834970368
1743286195868311808
1743286195901653760
1743286195934995968
1743286195968337920
1743286196001679616
1743286196035021824
1743286196068364032
1743286196101705728
1743286196135047936
1743286196168389888
1743286196201730816
1743286196235072768
1743286196268414720
1743286196301756928
1743286196335098880
1743286196368440576
1743286196401782784
1743286196435124992
1743286196468466688
1743286196501808896
1743286196535151104
1743286196568492800
1743286196601835008
1743286196635175936
1743286196668518144
1743286196701860096
1743286196735202048
1743286196768544256
1743286196801886208
1743286196835228160
1743286196868570112
1743286196901912064
1743286196935253504
1743286196968594944
1743286197001936896
1743286197035278336
1743286197068620288
1743286197101960704
1743286197135302400
1743286197168643840
1743286197201985536
1743286197235327232
1743286197268668928
1743286197302010624
1743286197335352064
1743286197368693760
1743286197402035456
1743286197435376896
1743286197468718848
1743286197502060288
1743286197535400960
1743286197568742656
1743286197602084096
1743286197635425792
1743286197668767744
1743286197702109184
1743286197735450624
1743286197768792576
1743286197802134016
1743286197835475968
1743286197868817408
1743286197902157824
1743286197935497728
1743286197968837376
1743286198002177536
1743286198035517696
1743286198068857856
1743286198102198016
1743286198135538432
1743286198168878592
1743286198202218752
1743286198235558912
1743286198268899328
1743286198302239232
1743286198335579392
1743286198368919552
1743286198402259712
1743286198435598848
1743286198468939008
1743286198502279168
1743286198535619328
1743286198568959232
1743286198602299392
1743286198635639552
1743286198668979712
1743286198702319616
1743286198735659520
1743286198768999936
1743286198802339584
1743286198835679744
1743286198869018880
1743286198902360320
1743286198935701760
1743286198969043712
1743286199002385408
1743286199035726848
1743286199069068544
1743286199102409728
1743286199135751680
1743286199169093376
1743286199202434816
1743286199235776512
1743286199269117952
1743286199302458624
1743286199335800320
1743286199369141760
1743286199402483456
1743286199435824896
1743286199469166592
1743286199502508288
1743286199535849728
1743286199569191424
1743286199602533120
1743286199635874560
1743286199669216256
1743286199702557696
1743286199735899392
1743286199769240064
1743286199802581504
1743286199835923200
1743286199869264640
1743286199902606592
1743286199935948032
1743286199969289472
1743286200002631168
1743286200035972864
1743286200069314560
1743286200102656000
1743286200135997440
1743286200169339136
1743286200202679808
1743286200236021504
1743286200269363200
1743286200302704640
1743286200336046336
1743286200369387776
1743286200402729472
1743286200436071168
1743286200469412864
1743286200502754560
1743286200536096000
1743286200569437440
1743286200602779392
1743286200636119808
1743286200669461504
1743286200702802944
1743286200736144640
1743286200769486336
1743286200802827776
1743286200836169472
1743286200869511168
1743286200902852608
1743286200936294144
1743286200970054656
1743286201003817984
1743286201037584384
1743286201071352832
1743286201105123584
1743286201138897664
1743286201172674560
1743286201206454016
1743286201240236288
1743286201274021376
1743286201307808768
1743286201341598976
1743286201375392000
1743286201409187584
1743286201442985472
1743286201476786688
1743286201510589952
1743286201544395264
1743286201578204416
1743286201612015872
1743286201645830144
1743286201679647232
1743286201713466880
1743286201747289088
1743286201781114112
1743286201814941696
1743286201848772096
1743286201882605056
1743286201916440832
1743286201950165248
1743286201983546112
1743286202016938496
1743286202050358272
1743286202083778048
1743286202117198336
1743286202150619136
1743286202184040192
1743286202217461760
1743286202250883584
1743286202284306176
1743286202317728512
1743286202351151616
1743286202384575232
1743286202417999104
1743286202451422464
1743286202484847104
1743286202518272000
1743286202551697408
1743286202585123328
1743286202618549760
1743286202651976448
1743286202685403648
1743286202718830848
1743286202752258816
1743286202785687040
1743286202819115776
1743286202852545024
1743286202885973248
1743286202919403008
1743286202952833536
1743286202986264320
1743286203019652864
1743286203052939776
1743286203086226688
1743286203119512832
1743286203152798464
1743286203186083584
1743286203219368192
1743286203252652544
1743286203285936384
1743286203319218944
1743286203352501504
1743286203385783808
1743286203419065856
1743286203452347392
1743286203485628416
1743286203518908928
1743286203552189184
1743286203585468416
1743286203618747648
1743286203652026112
1743286203685304320
1743286203718582272
1743286203751859456
1743286203785135104
1743286203818411264
1743286203851686912
1743286203884962304
1743286203918237440
1743286203951511808
1743286203984785920
1743286204018064384
1743286204051352320
1743286204084640000
1743286204117926912
1743286204151213312
1743286204184499456
1743286204217784064
1743286204251069184
1743286204284354048
1743286204317638144
1743286204350921984
1743286204384205312
1743286204417488384
1743286204450770688
1743286204484052480
1743286204517334016
1743286204550615040
1743286204583895552
1743286204617175552
1743286204650454016
1743286204683733504
1743286204717011968
1743286204750290432
1743286204783567872
1743286204816845056
1743286204850122240
1743286204883398656
1743286204916674304
1743286204949949696
1743286204983224576
1743286205016517120
1743286205049805824
1743286205083094272
1743286205116381184
1743286205149668608
1743286205182955520
1743286205216242432
1743286205249528320
1743286205282813952
1743286205316099072
1743286205349383936
1743286205382668032
1743286205415951616
1743286205449235200
1743286205482518272
1743286205515800320
1743286205549081344
1743286205582362880
1743286205615643648
1743286205648924672
1743286205682204672
1743286205715484160
1743286205748763648
1743286205782042368
1743286205815320576
1743286205848598528
1743286205881875712
1743286205915152640
1743286205948429312
1743286205981704192
1743286206014982400
1743286206048271616
1743286206081560576
1743286206114848512
1743286206148136704
1743286206181424128
1743286206214711040
1743286206247997184
1743286206281283328
1743286206314569216
1743286206347854336
1743286206381138944
1743286206414423296
1743286206447705856
1743286206480988928
1743286206514272000
1743286206547554304
1743286206580836352
1743286206614117632
1743286206647398656
1743286206680679424
1743286206713959424
1743286206747239168
1743286206780518400
1743286206813797120
1743286206847075328
1743286206880352000
1743286206913629440
1743286206946906624
1743286206980182784
1743286207013467904
1743286207046758144
1743286207080047616
1743286207113336832
1743286207146625280
1743286207179913472
1743286207213201408
1743286207246488576
1743286207279775488
1743286207313060864
1743286207346346752
1743286207379632384
1743286207412917504
1743286207446202368
1743286207479486464
1743286207512770048
1743286207546053120
1743286207579335936
1743286207612618496
1743286207645900544
1743286207679181824
1743286207712462848
1743286207745743616
1743286207779022336
1743286207812302336
1743286207845581312
1743286207878860288
1743286207912138496
1743286207945416192
1743286207978693888
1743286208011972608
1743286208045262592
1743286208078551808
1743286208111840768
1743286208145129216
1743286208178416896
1743286208211703552
1743286208244990464
1743286208278277120
1743286208311563264
1743286208344848896
1743286208378134272
1743286208411418880
1743286208444703232
1743286208477987328
1743286208511270656
1743286208544553728
1743286208577836288
1743286208611118336
1743286208644398848
1743286208677680128
1743286208710960640
1743286208744240896
1743286208777520896
1743286208810800128
1743286208844079360
1743286208877357568
1743286208910635520
1743286208943913216
1743286208977190144
1743286209010478080
1743286209043824128
1743286209077170688
1743286209110515968
1743286209143979008
1743286209177617152
1743286209211256832
1743286209244898048
1743286209278541312
1743286209312186112
1743286209345832704
1743286209379481088
1743286209413131264
1743286209446782976
1743286209480436480
1743286209514091776
1743286209547747840
1743286209581406720
1743286209615067136
1743286209648729600
1743286209682393600
1743286209716059136
1743286209749726720
1743286209783396096
1743286209817067008
1743286209850739456
1743286209884414208
1743286209918090240
1743286209951768320
1743286209985446912
1743286210019128320
1743286210052811520
1743286210086496256
1743286210120183040
1743286210153741312
1743286210187113728
1743286210220444416
1743286210253747200
1743286210287049472
1743286210320351488
1743286210353653248
1743286210386953984
1743286210420254720
1743286210453553664
1743286210486853632
1743286210520152832
1743286210553451776
1743286210586749952
1743286210620048128
1743286210653345792
1743286210686642944
1743286210719939584
1743286210753235456
1743286210786531328
1743286210819826688
1743286210853121536
1743286210886415104
1743286210919708928
1743286210953002496
1743286210986295808
1743286211019588352
1743286211052880640
1743286211086172416
1743286211119463936
1743286211152754688
1743286211186045184
1743286211219314688
1743286211252563968
1743286211285812736
1743286211319059456
1743286211352306176
1743286211385552640
1743286211418798080
1743286211452042240
1743286211485286144
1743286211518529280
1743286211551771136
1743286211585012736
1743286211618253568
1743286211651493376
1743286211684732416
1743286211717970944
1743286211751208192
1743286211784443904
1743286211817679616
1743286211850914816
1743286211884149248
