1743277696739209472
1743277696772542720
1743277696772542720
1743277696812232960
1743277696845566464
1743277696845566464
1743277696868900864
1743277696902234112
1743277696902234112
1743277696935567360
1743277696968900864
1743277696968900864
1743277697002234112
1743277697035567872
1743277697035567872
1743277697068901120
1743277697102234368
1743277697102234368
1743277697135567872
1743277697168983552
1743277697168983552
1743277697202317056
1743277697235650560
1743277697235650560
1743277697268983552
1743277697302317056
1743277697302317056
1743277697335650560
1743277697368984064
1743277697368984064
1743277697402317568
1743277697435650560
1743277697435650560
1743277697468984064
1743277697502317312
1743277697502317312
1743277697535651072
1743277697568984320
1743277697568984320
1743277697602317568
1743277697635651072
1743277697635651072
1743277697669009664
1743277697702343168
1743277697702343168
1743277697735676416
1743277697769010176
1743277697769010176
1743277697802343680
1743277697835676928
1743277697835676928
1743277697869010176
1743277697902343424
1743277697902343424
1743277697935676928
1743277697969010688
1743277697969010688
1743277698002343936
1743277698035677184
1743277698035677184
1743277698069010432
1743277698102343936
1743277698102343936
1743277698135677696
1743277698169032448
1743277698169032448
1743277698202365952
1743277698235698944
1743277698235698944
1743277698269032448
1743277698302365952
1743277698302365952
1743277698335699200
1743277698369032960
1743277698369032960
1743277698402365952
1743277698435699456
1743277698435699456
1743277698469032960
1743277698502366208
1743277698502366208
1743277698535699968
1743277698569032960
1743277698569032960
1743277698602366464
1743277698635699712
1743277698635699712
1743277698669073152
1743277698702406656
1743277698702406656
1743277698735739648
1743277698769073152
1743277698769073152
1743277698802406656
1743277698835740160
1743277698835740160
1743277698869073664
1743277698902406656
1743277698902406656
1743277698935740160
1743277698969073408
1743277698969073408
1743277699002407168
1743277699035740672
1743277699035740672
1743277699069073664
1743277699102407168
1743277699102407168
1743277699135740416
1743277699169096960
1743277699169096960
1743277699202430464
1743277699235763712
1743277699235763712
1743277699269097216
1743277699302430464
1743277699302430464
1743277699335763968
1743277699369097472
1743277699369097472
1743277699402430720
1743277699435764224
1743277699435764224
1743277699469097472
1743277699502430976
1743277699502430976
1743277699535764480
1743277699569097728
1743277699569097728
1743277699602431232
1743277699635764480
1743277699635764480
1743277699669143296
1743277699702476288
1743277699702476288
1743277699735809792
1743277699769143296
1743277699769143296
1743277699802476544
1743277699835810304
1743277699835810304
1743277699869143296
1743277699902476800
1743277699902476800
1743277699935810304
1743277699969143552
1743277699969143552
1743277700002477056
1743277700035810304
1743277700035810304
1743277700069143808
1743277700102477312
1743277700102477312
1743277700135810560
1743277700169165056
1743277700169165056
1743277700202498560
1743277700235831808
1743277700235831808
1743277700269165312
1743277700302498560
1743277700302498560
1743277700335832064
1743277700369165312
1743277700369165312
1743277700402498816
1743277700435832320
1743277700435832320
1743277700469165568
1743277700502499072
1743277700502499072
1743277700535832320
1743277700569165824
1743277700569165824
1743277700602499328
1743277700635832576
1743277700635832576
1743277700669213184
1743277700702546432
1743277700702546432
1743277700735879936
1743277700735879936
1743277700769213184
1743277700802546688
1743277700802546688
1743277700835880192
1743277700869213440
1743277700869213440
1743277700912546048
1743277700912546048
1743277700945879808
1743277700979213056
1743277700979213056
1743277701012546560
1743277701045879808
1743277701045879808
1743277701079213056
1743277701112546560
1743277701112546560
1743277701145880064
1743277701179240960
1743277701179240960
1743277701212574464
1743277701245907712
1743277701245907712
1743277701279241216
1743277701312574464
1743277701312574464
1743277701345907968
1743277701379241472
1743277701379241472
1743277701412574720
1743277701445908224
1743277701445908224
1743277701479241728
1743277701512574976
1743277701512574976
1743277701545908480
1743277701579241728
1743277701579241728
1743277701612575232
1743277701645908480
1743277701645908480
1743277701679274496
1743277701712607744
1743277701712607744
1743277701745941248
1743277701779274752
1743277701779274752
1743277701812608000
1743277701845941504
1743277701845941504
1743277701879274496
1743277701912608256
1743277701912608256
1743277701945941760
1743277701979275008
1743277701979275008
1743277702012608512
1743277702045941504
1743277702045941504
1743277702079275008
1743277702112609024
1743277702112609024
1743277702145942016
1743277702179325696
1743277702179325696
1743277702212658688
1743277702245992192
1743277702245992192
1743277702279325696
1743277702312658944
1743277702312658944
1743277702345992448
1743277702345992448
1743277702379325696
1743277702412659200
1743277702412659200
1743277702445992704
1743277702479325952
1743277702479325952
1743277702512659456
1743277702545992704
1743277702545992704
1743277702579326208
1743277702612659712
1743277702612659712
1743277702645992960
1743277702679346688
1743277702679346688
1743277702712679680
1743277702746013184
1743277702746013184
1743277702779346432
1743277702812679936
1743277702812679936
1743277702846013440
1743277702879346688
1743277702879346688
1743277702912680192
1743277702946013440
1743277702946013440
1743277702979346944
1743277703012680448
1743277703012680448
1743277703046013696
1743277703046013696
1743277703079347200
1743277703112680448
1743277703112680448
1743277703146013952
1743277703179381248
1743277703179381248
1743277703212714496
1743277703246048000
1743277703246048000
1743277703279380992
1743277703312714496
1743277703312714496
1743277703346048000
1743277703379381504
1743277703379381504
1743277703412715008
1743277703446048000
1743277703446048000
1743277703479381504
1743277703512715008
1743277703512715008
1743277703546048512
1743277703579382016
1743277703579382016
1743277703612715008
1743277703646048512
1743277703646048512
1743277703679417344
1743277703712750336
1743277703712750336
1743277703746084096
1743277703779417344
1743277703779417344
1743277703812750848
1743277703846084096
1743277703846084096
1743277703879417344
1743277703912751104
1743277703912751104
1743277703946084608
1743277703979418112
1743277703979418112
1743277704012751360
1743277704046084608
1743277704046084608
1743277704079418112
1743277704112751360
1743277704112751360
1743277704146085120
1743277704179449088
1743277704179449088
1743277704212782592
1743277704246116096
1743277704246116096
1743277704279449344
1743277704312783104
1743277704312783104
1743277704346116352
1743277704369450496
1743277704369450496
1743277704402783744
1743277704436117248
1743277704436117248
1743277704469450496
1743277704502784000
1743277704502784000
1743277704536117504
1743277704569450496
1743277704569450496
1743277704602784256
1743277704636117504
1743277704636117504
1743277704669483776
1743277704702817536
1743277704702817536
1743277704736150784
1743277704769484288
1743277704769484288
1743277704802817280
1743277704836150784
1743277704836150784
1743277704869484544
1743277704902817792
1743277704902817792
1743277704936151296
1743277704969484288
1743277704969484288
1743277705002817792
1743277705036151296
1743277705036151296
1743277705069484800
1743277705102818304
1743277705102818304
1743277705136151296
1743277705169519104
1743277705169519104
1743277705202852352
1743277705236185856
1743277705236185856
1743277705269519360
1743277705302852608
1743277705302852608
1743277705336186112
1743277705369519360
1743277705369519360
1743277705402852864
1743277705436186368
1743277705436186368
1743277705469519616
1743277705502853120
1743277705502853120
1743277705536186112
1743277705569519872
1743277705569519872
1743277705602853376
1743277705636186624
1743277705636186624
1743277705669562368
1743277705702895616
1743277705702895616
1743277705736228864
1743277705769562624
1743277705769562624
1743277705802895872
1743277705836229632
1743277705836229632
1743277705869562880
1743277705902896128
1743277705902896128
1743277705936229632
1743277705969562880
1743277705969562880
1743277706002896640
1743277706036229888
1743277706036229888
1743277706069563136
1743277706102896384
1743277706102896384
1743277706136229888
1743277706169563648
1743277706169563648
1743277706202896896
1743277706236230400
1743277706236230400
1743277706269563392
1743277706302896896
1743277706302896896
1743277706336230400
1743277706369563904
1743277706369563904
1743277706402897408
1743277706436230400
1743277706436230400
1743277706469563904
1743277706502897408
1743277706502897408
1743277706536230912
1743277706569564416
1743277706569564416
1743277706602897408
1743277706636230912
1743277706636230912
1743277706669564416
1743277706702948608
1743277706702948608
1743277706736282368
1743277706769615360
1743277706769615360
1743277706802948864
1743277706836282368
1743277706836282368
1743277706869615872
1743277706902949376
1743277706902949376
1743277706936282368
1743277706969615872
1743277706969615872
1743277707002949376
1743277707036282880
1743277707036282880
1743277707069616384
1743277707102949376
1743277707102949376
1743277707136282880
1743277707169616128
1743277707169616128
1743277707202951424
1743277707236284928
1743277707236284928
1743277707269618176
1743277707302951936
1743277707302951936
1743277707336284928
1743277707369618432
1743277707369618432
1743277707402951936
1743277707436285184
1743277707436285184
1743277707469618688
1743277707502951936
1743277707502951936
1743277707536285440
1743277707569618944
1743277707569618944
1743277707602952192
1743277707636285696
1743277707636285696
1743277707669618944
1743277707703056384
1743277707703056384
1743277707736389888
1743277707769723136
1743277707769723136
1743277707803056640
1743277707836390144
1743277707836390144
1743277707869723392
1743277707903056896
1743277707903056896
1743277707936390144
1743277707969723648
1743277707969723648
1743277708003056896
1743277708036390400
1743277708036390400
1743277708069723904
1743277708103057152
1743277708103057152
1743277708136390656
1743277708169723904
1743277708169723904
1743277708203063552
1743277708236396800
1743277708236396800
1743277708269730304
1743277708303063808
1743277708303063808
1743277708336397056
1743277708369730560
1743277708369730560
1743277708403063808
1743277708436397312
1743277708436397312
1743277708469730816
1743277708503063808
1743277708503063808
1743277708536397568
1743277708569730816
1743277708569730816
1743277708603064320
1743277708636397824
1743277708636397824
1743277708669730816
1743277708703143168
1743277708703143168
1743277708736476416
1743277708769809920
1743277708769809920
1743277708803143168
1743277708836476672
1743277708836476672
1743277708869810176
1743277708903143424
1743277708903143424
1743277708936476928
1743277708969810432
1743277708969810432
1743277709003143680
1743277709036477440
1743277709036477440
1743277709069810688
1743277709103144192
1743277709103144192
1743277709136477440
1743277709169810688
1743277709169810688
1743277709203133440
1743277709236466688
1743277709236466688
1743277709269800192
1743277709303133184
1743277709303133184
1743277709336466688
1743277709369800448
1743277709369800448
1743277709403133696
1743277709436467200
1743277709436467200
1743277709469800192
1743277709503133696
1743277709503133696
1743277709536467200
1743277709569800704
1743277709569800704
1743277709603134208
1743277709636467200
1743277709636467200
1743277709669800704
1743277709703180032
1743277709703180032
1743277709736513024
1743277709769846784
1743277709769846784
1743277709803180032
1743277709836513536
1743277709836513536
1743277709869847040
1743277709903180032
1743277709903180032
1743277709936513536
1743277709969847040
1743277709969847040
1743277710003180800
1743277710036514304
1743277710036514304
1743277710069847296
1743277710103180800
1743277710103180800
1743277710136514304
1743277710169847808
1743277710169847808
1743277710203143424
1743277710236476672
1743277710236476672
1743277710269810176
1743277710303143168
1743277710303143168
1743277710336476928
1743277710369810176
1743277710369810176
1743277710403143936
1743277710436477440
1743277710436477440
1743277710469810432
1743277710503143936
1743277710503143936
1743277710536477440
1743277710569810944
1743277710569810944
1743277710603144448
1743277710636477440
1743277710636477440
1743277710669810944
1743277710703256832
1743277710703256832
1743277710736590336
1743277710769923840
1743277710769923840
1743277710803257344
1743277710836590592
1743277710836590592
1743277710869923840
1743277710903257344
1743277710903257344
1743277710936590848
1743277710969924096
1743277710969924096
1743277711003257600
1743277711036590848
1743277711036590848
1743277711069924352
1743277711103257856
1743277711103257856
1743277711136591104
1743277711169924608
1743277711169924608
1743277711203290368
1743277711236624128
1743277711236624128
1743277711269957632
1743277711303290880
1743277711303290880
1743277711336624384
1743277711369957376
1743277711369957376
1743277711403290880
1743277711436624384
1743277711436624384
1743277711469958144
1743277711503291648
1743277711503291648
1743277711536624896
1743277711569958144
1743277711569958144
1743277711603291392
1743277711636625152
1743277711636625152
1743277711669958656
1743277711703313664
1743277711703313664
1743277711736646912
1743277711769980160
1743277711769980160
1743277711803313664
1743277711836647168
1743277711836647168
1743277711869980672
1743277711903314176
1743277711903314176
1743277711936647168
1743277711969980672
1743277711969980672
1743277712003314176
1743277712036647680
1743277712036647680
1743277712069981184
1743277712103314176
1743277712103314176
1743277712136647680
1743277712169981184
1743277712169981184
1743277712203328768
1743277712236662272
1743277712236662272
1743277712269995776
1743277712303329280
1743277712303329280
1743277712336662528
1743277712369995776
1743277712369995776
1743277712403329280
1743277712436662784
1743277712436662784
1743277712469996288
1743277712503329280
1743277712503329280
1743277712536662784
1743277712569996288
1743277712569996288
1743277712603329536
1743277712636663296
1743277712636663296
1743277712669996288
1743277712703401216
1743277712703401216
1743277712736734720
1743277712770067968
1743277712770067968
1743277712803401472
1743277712836734720
1743277712836734720
1743277712870067968
1743277712903401728
1743277712903401728
1743277712936734976
1743277712970068480
1743277712970068480
1743277713003401728
1743277713036735232
1743277713036735232
1743277713070068736
1743277713103402240
1743277713103402240
1743277713136735744
1743277713170068992
1743277713170068992
1743277713203415552
1743277713236749056
1743277713236749056
1743277713270082304
1743277713303415808
1743277713303415808
1743277713336749056
1743277713370082560
1743277713370082560
1743277713403416064
1743277713436749312
1743277713436749312
1743277713470082816
1743277713503416064
1743277713503416064
1743277713536749568
1743277713570082816
1743277713570082816
1743277713603416320
1743277713636749824
1743277713636749824
1743277713670083072
1743277713703483392
1743277713703483392
