1520530308199447552.000000 0.000000000 0.000000000 0.000000000 -0.000000000 -0.000000000 -0.000000000 1.000000000
1520530313249735680.000000 -0.017689960 -0.006130171 -0.002497330 -0.021417856 -0.020862697 0.007112570 0.999527633
1520530325500827648.000000 0.594345689 0.037463993 0.230837569 -0.046297193 -0.039388709 -0.027033050 0.997784734
1520530326550210560.000000 0.642436266 0.063237645 -0.062760457 -0.095167577 0.019003997 -0.012159887 0.995205581
1520530343751410432.000000 0.302338034 -0.003287191 0.416843146 0.009824144 0.565121591 0.060174115 0.822751582
1520530345201743360.000000 0.845547915 0.018618301 0.137828231 0.096778370 0.968446970 0.108400807 0.202468976
1520530345951161344.000000 0.855420470 0.013910666 -0.224400416 -0.097686730 -0.980203390 -0.104878649 0.136598438
1520530346301484544.000000 0.753042161 0.012222990 -0.382006228 -0.115304187 -0.944091499 -0.037133221 0.306622416
1520530347251401984.000000 0.311819732 0.001771659 -0.611444473 -0.090497024 -0.761486828 -0.008404525 0.641776800
1520530347701221888.000000 0.078123927 -0.019542113 -0.645425379 -0.086747706 -0.735975206 0.031683609 0.670679867
1520530348151167744.000000 -0.171045244 -0.022030637 -0.571706295 -0.103890769 -0.598920465 0.048992611 0.792528033
1520530348701424640.000000 -0.409329712 -0.017062778 -0.376433164 -0.084316872 -0.426921755 0.084258765 0.896397769
1520530353101208064.000000 0.866974592 0.019863084 -0.256766289 -0.112497583 -0.991900086 -0.052142818 0.027560698
1520530354301900288.000000 0.388703585 -0.003034160 -0.619435787 -0.119728230 -0.802539647 -0.003938023 0.584448218
1520530357251159552.000000 -0.337025702 0.010878026 0.267768115 0.019811735 0.221612930 0.129289240 0.966322660
1520530357801670912.000000 -0.076360479 0.020316863 0.404899478 0.071159773 0.518838286 0.114849538 0.844128430
1520530360700978176.000000 0.801165581 -0.163399294 -0.292189091 -0.057569884 -0.984823644 0.096661113 0.132154211
1520530361551692032.000000 0.508578181 0.086628675 -0.466758788 -0.094116330 -0.835019708 -0.086575262 0.535153151
1520530362801365760.000000 -0.036890209 -0.068433225 -0.571215570 -0.026381345 -0.651365638 0.015620492 0.758144319
1520530363351655680.000000 -0.266339779 -0.129370496 -0.568389297 -0.064743035 -0.640326500 0.083689801 0.760780096
1520530366001907456.000000 -0.009493485 -0.014770888 0.466902345 -0.046730410 0.417827368 0.102636300 0.901500046
1520530366552124672.000000 0.266305298 -0.045701299 0.475998670 0.068440489 0.631166756 0.103025258 0.765722036
1520530367902272256.000000 0.756132841 -0.026292291 0.133740246 -0.023741484 0.942305863 0.019576823 0.333335787
1520530369101396736.000000 0.797614217 -0.047928855 -0.279887974 -0.075626910 -0.921288610 -0.032808822 0.380041391
1520530369701896448.000000 0.590058446 -0.078061529 -0.357098550 0.014398173 -0.455913544 -0.023783851 0.889589787
1520530370451939840.000000 0.351140440 -0.134056255 -0.407104850 0.068079814 -0.185828343 -0.186801031 0.962256908
1520530371201949952.000000 0.040396817 -0.145834908 -0.450105190 -0.022852860 -0.060132980 0.033674780 0.997360408
1520530371901963776.000000 -0.129384771 -0.151104763 -0.332634360 -0.033940807 0.218373492 0.206789568 0.953099728
1520530372651960320.000000 -0.307770282 -0.178427070 -0.160445198 0.076836295 0.385500669 -0.025269600 0.919155538
1520530373501460736.000000 -0.443542600 -0.151292920 0.118290514 0.057750653 0.383112550 0.043901782 0.920848668
1520530374251954688.000000 -0.101401955 -0.065133691 0.253282845 -0.054272842 0.848184943 -0.032582998 0.525904179
1520530375302451712.000000 0.296218991 -0.059407942 0.463943243 -0.036214128 0.801258147 -0.029027890 0.596515954
1520530376052264448.000000 0.624272883 -0.144591972 0.353907168 0.190831214 0.842992544 -0.101299115 0.492631316
1520530376802668032.000000 0.669499874 0.017649069 0.011010915 0.063242406 -0.942990065 -0.308323175 0.108199224
1520530377402908672.000000 0.586540103 -0.110372812 -0.172421992 0.295130789 -0.865211248 0.096818559 0.393615842
1520530379501849600.000000 0.033626094 -0.095495634 -0.404043525 0.217819482 -0.578986585 -0.095439851 0.779884875
1520530380201888256.000000 -0.236285746 -0.084041782 -0.534999967 -0.162100405 -0.615063190 0.233026281 0.735608220
1520530380902138624.000000 -0.244456589 -0.009715793 -0.184409529 -0.119652666 -0.043346655 0.260201335 0.957130909
1520530384002530304.000000 0.862958193 -0.009333737 0.208604336 -0.047873460 0.299953669 -0.064276055 0.950581133
1520530384702442240.000000 0.708853364 0.028012495 0.412993073 -0.109715015 -0.256396234 0.151298106 0.948331475
1520530385502712832.000000 0.364701599 0.016036600 0.478697240 0.117100827 -0.624193609 -0.164636731 0.754694939
1520530386402553856.000000 0.072970957 -0.030816538 0.193294123 -0.115940116 -0.907217205 0.002230173 0.404363543
1520530387102682112.000000 -0.273315579 -0.041934051 0.277127504 0.068303913 -0.809212327 -0.078386083 0.578243554
1520530387802460416.000000 -0.391141593 -0.023205331 0.003456056 0.126411825 -0.948598146 -0.092674360 0.274942040
1520530388402503936.000000 -0.158489376 -0.002698518 -0.174806029 -0.027128519 0.961395741 0.114958562 0.248529494
1520530389152241920.000000 -0.214652419 -0.015570733 -0.469133735 -0.092952341 0.972140312 0.087166861 0.196736172
1520530392203141632.000000 0.938863575 -0.084118396 -0.019298673 0.061559290 0.565128088 -0.039605007 0.821749449
1520530393602926848.000000 1.070645213 -0.037800249 0.088593483 0.006315961 0.791409850 0.005186134 0.611231267
1520530394652876544.000000 0.623872995 0.043284938 0.260703325 -0.175342575 0.653762221 0.210464537 0.705375493
1520530395652711680.000000 0.084408447 0.025738679 0.333037376 -0.085341536 0.208697483 0.092232443 0.969873905
1520530396403239936.000000 0.009084661 0.101676822 -0.063749187 -0.096099935 0.605635405 0.063716985 0.787344098
1520530397302788096.000000 -0.023214161 -0.140154183 -0.342782795 -0.024677560 0.809347510 -0.151444182 0.566932380
1520530400902295296.000000 0.874699175 -0.059032358 -0.119611084 -0.022930259 0.652607143 -0.065690510 0.754495144
1520530402052283136.000000 0.594126523 -0.067380741 0.085486554 0.085800894 -0.458232582 -0.025681624 0.884308517
1520530403003422208.000000 0.679312289 -0.078757882 -0.508986533 -0.092091009 -0.935694218 0.073279195 0.332604438
1520530405152650752.000000 -0.150282219 -0.185506180 0.117139414 0.131882757 -0.519495189 0.028773462 0.843743920
1520530405852855552.000000 -0.248628408 0.075381152 -0.279589981 -0.056207377 -0.918405950 -0.148176014 0.362512141
1520530406403578368.000000 -0.242150515 -0.090437979 -0.519974589 -0.084867865 -0.969704330 0.047866877 0.224008411
1520530406952692736.000000 -0.441209823 -0.066756584 -0.461268991 -0.047021475 -0.834196031 0.042423707 0.547819495
1520530409152883712.000000 0.755008996 -0.227134734 -0.104648083 0.136476800 0.534319997 -0.160405114 0.818624794
1520530410853882112.000000 -0.112598240 -0.021571923 -0.280267656 -0.146691546 -0.354934514 -0.004033206 0.923302114
1520530411603014912.000000 -0.008392455 -0.123662241 -0.244880855 -0.036919288 -0.084273838 0.093073465 0.991399169
1520530412503425024.000000 0.534588337 -0.009978428 -0.437932611 -0.115590513 0.706609011 -0.037013847 0.697117329
1520530413502941184.000000 0.437005043 0.009289575 0.104016021 0.024377408 0.244287491 0.041216783 0.968519807
1520530416503381248.000000 -0.200954080 0.054903738 -0.344226629 -0.075854339 0.851116061 -0.025773644 0.518828809
1520530424203257088.000000 0.504735112 0.070404038 0.009292096 -0.279323637 0.586180568 0.213912457 0.729802787
1520530427303608576.000000 -0.371360898 -0.010049343 0.077409752 -0.020486103 0.211816430 0.073437154 0.974331141
1520530428503545856.000000 -0.132495224 -0.021833086 -0.371377558 0.011798774 0.918672144 -0.070720807 0.388459623
1520530429403550720.000000 -0.260398448 -0.008052086 -0.199344933 -0.033070821 -0.732420027 0.024145707 0.679620683
1520530432203535616.000000 0.514401436 0.003376417 0.022447079 -0.026085963 -0.500870705 0.036422670 0.864361882
1520530433853804288.000000 0.513629556 -0.002191871 -0.199520648 0.008185366 0.946467340 0.011416308 0.322493970
1520530434803658496.000000 -0.147371888 0.014073731 0.099023372 -0.034877617 -0.679635406 0.020266080 0.732440114
1520530435504085504.000000 -0.018801413 0.008761685 0.145604849 -0.018415304 0.239916071 0.065600552 0.968399584
1520530436453978368.000000 -0.013921887 0.009317982 -0.388820916 -0.014012829 0.956447542 0.045416076 0.288008928
1520530437603872256.000000 0.263000846 0.080839872 -0.007943630 -0.180395126 0.299546570 0.020245979 0.936653376
1520530438503623936.000000 0.516799629 0.017251857 0.068085313 -0.057146654 0.443009943 0.257210612 0.856924236
1520530439254654720.000000 0.730852783 0.033340458 -0.043655634 -0.048200432 0.755126417 0.008967456 0.653743386
1520530440004098560.000000 0.814438879 0.042252757 -0.041254282 -0.022567755 0.885764182 0.037785448 0.462044150
1520530441303927040.000000 0.416558743 0.050059218 -0.092764542 -0.043225572 -0.970531106 -0.088939108 0.219751731
1520530442354039552.000000 0.248547792 -0.021301381 -0.240025431 0.113000132 -0.948168814 0.030315137 0.295445174
1520530443404470272.000000 0.407385498 -0.055239052 -0.245511353 0.128138721 0.865054309 0.093875051 0.475866675
1520530444304408576.000000 0.030826673 0.082286872 -0.262421131 -0.022842009 -0.969886601 -0.228256404 0.081836782
1520530445204970240.000000 -0.257582545 -0.076276354 -0.171016991 0.130540535 -0.963544071 0.066788800 0.223788336
1520530446003758592.000000 0.144093752 0.096676730 0.154774010 -0.104828060 0.752582133 0.252739727 0.598960638
1520530447504126976.000000 0.295242190 0.053744521 -0.109875411 0.013148773 0.984800696 0.075239651 0.155992657
1520530448403891200.000000 0.334171057 0.059881851 -0.115652442 -0.050098874 0.998329818 0.006134521 0.028108932
