1743518932.94583,0.057256180793047,-9.77138042449951,-0.0857647955417633
1743518932.96297,0.057140689343214,-9.77173709869385,-0.0659682601690292
1743518932.9804,0.057256180793047,-9.77138042449951,-0.0857647955417633
1743518932.99814,0.057256180793047,-9.77138042449951,-0.0857647955417633
1743518933.01618,0.057140689343214,-9.77173709869385,-0.0659682601690292
1743518933.03452,0.0572102405130863,-9.79174900054932,-0.0668135136365891
1743518933.05317,0.057256180793047,-9.77138042449951,-0.0857647955417633
1743518933.07212,0.057140689343214,-9.77173709869385,-0.0659682601690292
1743518933.09138,0.0572102405130863,-9.79174900054932,-0.0668135136365891
1743518933.1096,0.0573257319629192,-9.79139232635498,-0.0866100490093231
1743518933.12822,0.057140689343214,-9.77173709869385,-0.0659682601690292
1743518933.147,0.057140689343214,-9.77173709869385,-0.0659682601690292
1743518933.16592,0.0572102405130863,-9.79174900054932,-0.0668135136365891
1743518933.18501,0.0770180821418762,-9.77237319946289,-0.0660023540258408
1743518933.20425,0.0373787842690945,-9.77074432373047,-0.0857306718826294
1743518933.22365,0.0770180821418762,-9.77237319946289,-0.0660023540258408
1743518933.2432,0.057256180793047,-9.77138042449951,-0.0857647955417633
1743518933.26291,0.057256180793047,-9.77138042449951,-0.0857647955417633
1743518933.28278,0.0572102405130863,-9.79174900054932,-0.0668135136365891
1743518933.3028,0.0572102405130863,-9.79174900054932,-0.0668135136365891
1743518933.32297,0.0574412234127522,-9.79103565216064,-0.106406599283218
1743518933.34331,0.057256180793047,-9.77138042449951,-0.0857647955417633
1743518933.36379,0.0573257319629192,-9.79139232635498,-0.0866100490093231
1743518933.38315,0.057256180793047,-9.77138042449951,-0.0857647955417633
1743518933.40233,0.0373328439891338,-9.79111289978027,-0.0667793899774551
1743518933.42155,0.057256180793047,-9.77138042449951,-0.0857647955417633
1743518933.44081,0.057140689343214,-9.77173709869385,-0.0659682601690292
1743518933.46012,0.0570711307227612,-9.75172424316406,-0.065122976899147
1743518933.47946,0.0769485235214233,-9.75236034393311,-0.0651570707559586
1743518933.49885,0.057140689343214,-9.77173709869385,-0.0659682601690292
1743518933.51828,0.0771335661411285,-9.77201652526855,-0.0857988893985748
1743518933.53775,0.0573257319629192,-9.79139232635498,-0.0866100490093231
1743518933.55726,0.0770180821418762,-9.77237319946289,-0.0660023540258408
1743518933.57631,0.057140689343214,-9.77173709869385,-0.0659682601690292
1743518933.59455,0.057256180793047,-9.77138042449951,-0.0857647955417633
1743518933.61276,0.057140689343214,-9.77173709869385,-0.0659682601690292
1743518933.63094,0.057256180793047,-9.77138042449951,-0.0857647955417633
1743518933.64908,0.057140689343214,-9.77173709869385,-0.0659682601690292
1743518933.66718,0.057140689343214,-9.77173709869385,-0.0659682601690292
1743518933.68525,0.0573257319629192,-9.79139232635498,-0.0866100490093231
1743518933.70281,0.0572102405130863,-9.79174900054932,-0.0668135136365891
1743518933.72032,0.0771335661411285,-9.77201652526855,-0.0857988893985748
1743518933.73776,0.0572102405130863,-9.79174900054932,-0.0668135136365891
1743518933.75515,0.057140689343214,-9.77173709869385,-0.0659682601690292
1743518933.77247,0.057140689343214,-9.77173709869385,-0.0659682601690292
1743518933.78974,0.057140689343214,-9.77173709869385,-0.0659682601690292
1743518933.80685,0.0372632928192616,-9.7711009979248,-0.0659341365098953
1743518933.82387,0.0572102405130863,-9.79174900054932,-0.0668135136365891
1743518933.84082,0.0570711307227612,-9.75172424316406,-0.065122976899147
1743518933.8577,0.057140689343214,-9.77173709869385,-0.0659682601690292
1743518933.87452,0.057256180793047,-9.77138042449951,-0.0857647955417633
1743518933.89127,0.057256180793047,-9.77138042449951,-0.0857647955417633
1743518933.90796,0.057256180793047,-9.77138042449951,-0.0857647955417633
1743518933.9246,0.0770180821418762,-9.77237319946289,-0.0660023540258408
1743518933.94118,0.057140689343214,-9.77173709869385,-0.0659682601690292
1743518933.95769,0.057256180793047,-9.77138042449951,-0.0857647955417633
1743518933.97413,0.0572102405130863,-9.79174900054932,-0.0668135136365891
1743518933.99051,0.0570711307227612,-9.75172424316406,-0.065122976899147
1743518934.00683,0.057140689343214,-9.77173709869385,-0.0659682601690292
1743518934.02314,0.0573257319629192,-9.79139232635498,-0.0866100490093231
1743518934.0394,0.057256180793047,-9.77138042449951,-0.0857647955417633
1743518934.05561,0.057140689343214,-9.77173709869385,-0.0659682601690292
1743518934.07175,0.0772031247615814,-9.79202842712402,-0.0866441428661346
1743518934.08783,0.0572102405130863,-9.79174900054932,-0.0668135136365891
1743518934.10384,0.057140689343214,-9.77173709869385,-0.0659682601690292
1743518934.11985,0.057256180793047,-9.77138042449951,-0.0857647955417633
1743518934.13586,0.0573257319629192,-9.79139232635498,-0.0866100490093231
1743518934.15182,0.057256180793047,-9.77138042449951,-0.0857647955417633
1743518934.16772,0.057140689343214,-9.77173709869385,-0.0659682601690292
1743518934.18356,0.0572102405130863,-9.79174900054932,-0.0668135136365891
1743518934.19935,0.057140689343214,-9.77173709869385,-0.0659682601690292
1743518934.21507,0.0772031247615814,-9.79202842712402,-0.0866441428661346
1743518934.23073,0.057140689343214,-9.77173709869385,-0.0659682601690292
1743518934.24634,0.0573257319629192,-9.79139232635498,-0.0866100490093231
1743518934.26189,0.0373787842690945,-9.77074432373047,-0.0857306718826294
1743518934.27738,0.0374483354389668,-9.79075622558594,-0.0865759253501892
1743518934.29281,0.057140689343214,-9.77173709869385,-0.0659682601690292
1743518934.30818,0.057140689343214,-9.77173709869385,-0.0659682601690292
1743518934.32349,0.0573257319629192,-9.79139232635498,-0.0866100490093231
1743518934.33904,0.057256180793047,-9.77138042449951,-0.0857647955417633
1743518934.3549,0.0573257319629192,-9.79139232635498,-0.0866100490093231
1743518934.37072,0.057256180793047,-9.77138042449951,-0.0857647955417633
1743518934.38649,0.0772031247615814,-9.79202842712402,-0.0866441428661346
1743518934.40223,0.057256180793047,-9.77138042449951,-0.0857647955417633
1743518934.41793,0.0573257319629192,-9.79139232635498,-0.0866100490093231
1743518934.43358,0.0573257319629192,-9.79139232635498,-0.0866100490093231
1743518934.4492,0.057140689343214,-9.77173709869385,-0.0659682601690292
1743518934.46477,0.057140689343214,-9.77173709869385,-0.0659682601690292
1743518934.48031,0.057256180793047,-9.77138042449951,-0.0857647955417633
1743518934.4958,0.057256180793047,-9.77138042449951,-0.0857647955417633
1743518934.51145,0.0373328439891338,-9.79111289978027,-0.0667793899774551
1743518934.52706,0.057256180793047,-9.77138042449951,-0.0857647955417633
1743518934.54263,0.0772031247615814,-9.79202842712402,-0.0866441428661346
1743518934.55817,0.057140689343214,-9.77173709869385,-0.0659682601690292
1743518934.57366,0.057140689343214,-9.77173709869385,-0.0659682601690292
1743518934.58913,0.057256180793047,-9.77138042449951,-0.0857647955417633
1743518934.60459,0.0372632928192616,-9.7711009979248,-0.0659341365098953
1743518934.62005,0.057256180793047,-9.77138042449951,-0.0857647955417633
1743518934.63547,0.057140689343214,-9.77173709869385,-0.0659682601690292
1743518934.65086,0.0572102405130863,-9.79174900054932,-0.0668135136365891
1743518934.6662,0.057256180793047,-9.77138042449951,-0.0857647955417633
1743518934.68152,0.0573257319629192,-9.79139232635498,-0.0866100490093231
1743518934.69683,0.0374483354389668,-9.79075622558594,-0.0865759253501892
1743518934.71217,0.0373328439891338,-9.79111289978027,-0.0667793899774551
1743518934.72749,0.057140689343214,-9.77173709869385,-0.0659682601690292
1743518934.74277,0.057256180793047,-9.77138042449951,-0.0857647955417633
1743518934.75801,0.057256180793047,-9.77138042449951,-0.0857647955417633
1743518934.77322,0.0572102405130863,-9.79174900054932,-0.0668135136365891
1743518934.7884,0.0572102405130863,-9.79174900054932,-0.0668135136365891
1743518934.80363,0.057140689343214,-9.77173709869385,-0.0659682601690292
1743518934.81887,0.0572102405130863,-9.79174900054932,-0.0668135136365891
1743518934.83408,0.057256180793047,-9.77138042449951,-0.0857647955417633
1743518934.84926,0.0572102405130863,-9.79174900054932,-0.0668135136365891
1743518934.86441,0.0573257319629192,-9.79139232635498,-0.0866100490093231
1743518934.87953,0.057256180793047,-9.77138042449951,-0.0857647955417633
1743518934.89461,0.057256180793047,-9.77138042449951,-0.0857647955417633
1743518934.90967,0.057256180793047,-9.77138042449951,-0.0857647955417633
1743518934.92469,0.057256180793047,-9.77138042449951,-0.0857647955417633
1743518934.93968,0.057256180793047,-9.77138042449951,-0.0857647955417633
1743518934.95464,0.057140689343214,-9.77173709869385,-0.0659682601690292
1743518934.96957,0.057140689343214,-9.77173709869385,-0.0659682601690292
1743518934.98446,0.0771335661411285,-9.77201652526855,-0.0857988893985748
1743518934.99932,0.0573257319629192,-9.79139232635498,-0.0866100490093231
1743518935.01416,0.057140689343214,-9.77173709869385,-0.0659682601690292
1743518935.02896,0.057140689343214,-9.77173709869385,-0.0659682601690292
1743518935.04373,0.0573257319629192,-9.79139232635498,-0.0866100490093231
1743518935.05847,0.057256180793047,-9.77138042449951,-0.0857647955417633
1743518935.07318,0.057256180793047,-9.77138042449951,-0.0857647955417633
1743518935.08785,0.057256180793047,-9.77138042449951,-0.0857647955417633
1743518935.1025,0.0772031247615814,-9.79202842712402,-0.0866441428661346
1743518935.11711,0.057256180793047,-9.77138042449951,-0.0857647955417633
1743518935.13169,0.057256180793047,-9.77138042449951,-0.0857647955417633
1743518935.14624,0.0572102405130863,-9.79174900054932,-0.0668135136365891
1743518935.16076,0.057256180793047,-9.77138042449951,-0.0857647955417633
1743518935.17524,0.057256180793047,-9.77138042449951,-0.0857647955417633
1743518935.1897,0.057256180793047,-9.77138042449951,-0.0857647955417633
1743518935.20412,0.057140689343214,-9.77173709869385,-0.0659682601690292
1743518935.21852,0.057256180793047,-9.77138042449951,-0.0857647955417633
1743518935.23288,0.0373787842690945,-9.77074432373047,-0.0857306718826294
1743518935.24721,0.057140689343214,-9.77173709869385,-0.0659682601690292
1743518935.26151,0.0771335661411285,-9.77201652526855,-0.0857988893985748
1743518935.27578,0.0573257319629192,-9.79139232635498,-0.0866100490093231
1743518935.29002,0.057256180793047,-9.77138042449951,-0.0857647955417633
1743518935.30422,0.057256180793047,-9.77138042449951,-0.0857647955417633
1743518935.3184,0.057256180793047,-9.77138042449951,-0.0857647955417633
1743518935.33254,0.057140689343214,-9.77173709869385,-0.0659682601690292
1743518935.34665,0.0573257319629192,-9.79139232635498,-0.0866100490093231
1743518935.36073,0.0573257319629192,-9.79139232635498,-0.0866100490093231
1743518935.37478,0.0770180821418762,-9.77237319946289,-0.0660023540258408
1743518935.3888,0.0573257319629192,-9.79139232635498,-0.0866100490093231
1743518935.40279,0.0374483354389668,-9.79075622558594,-0.0865759253501892
1743518935.41674,0.057256180793047,-9.77138042449951,-0.0857647955417633
1743518935.43066,0.057256180793047,-9.77138042449951,-0.0857647955417633
1743518935.44456,0.0573257319629192,-9.79139232635498,-0.0866100490093231
1743518935.45842,0.057256180793047,-9.77138042449951,-0.0857647955417633
1743518935.47225,0.057256180793047,-9.77138042449951,-0.0857647955417633
1743518935.48605,0.0771335661411285,-9.77201652526855,-0.0857988893985748
1743518935.49982,0.057256180793047,-9.77138042449951,-0.0857647955417633
1743518935.51355,0.0573257319629192,-9.79139232635498,-0.0866100490093231
1743518935.52725,0.057256180793047,-9.77138042449951,-0.0857647955417633
1743518935.54093,0.057256180793047,-9.77138042449951,-0.0857647955417633
1743518935.55457,0.0772031247615814,-9.79202842712402,-0.0866441428661346
1743518935.56818,0.057140689343214,-9.77173709869385,-0.0659682601690292
1743518935.58176,0.0570711307227612,-9.75172424316406,-0.065122976899147
1743518935.5953,0.057256180793047,-9.77138042449951,-0.0857647955417633
1743518935.60882,0.057140689343214,-9.77173709869385,-0.0659682601690292
1743518935.6223,0.057256180793047,-9.77138042449951,-0.0857647955417633
1743518935.63576,0.057140689343214,-9.77173709869385,-0.0659682601690292
1743518935.64918,0.0373787842690945,-9.77074432373047,-0.0857306718826294
1743518935.66257,0.0573257319629192,-9.79139232635498,-0.0866100490093231
1743518935.67593,0.0572102405130863,-9.79174900054932,-0.0668135136365891
1743518935.68926,0.0572102405130863,-9.79174900054932,-0.0668135136365891
1743518935.70338,0.057256180793047,-9.77138042449951,-0.0857647955417633
1743518935.71912,0.057256180793047,-9.77138042449951,-0.0857647955417633
1743518935.73486,0.057140689343214,-9.77173709869385,-0.0659682601690292
1743518935.7506,0.0572102405130863,-9.79174900054932,-0.0668135136365891
1743518935.76634,0.057256180793047,-9.77138042449951,-0.0857647955417633
1743518935.78208,0.0372632928192616,-9.7711009979248,-0.0659341365098953
1743518935.79781,0.057256180793047,-9.77138042449951,-0.0857647955417633
1743518935.81355,0.057256180793047,-9.77138042449951,-0.0857647955417633
1743518935.82928,0.0573257319629192,-9.79139232635498,-0.0866100490093231
1743518935.84501,0.057256180793047,-9.77138042449951,-0.0857647955417633
1743518935.86074,0.0373787842690945,-9.77074432373047,-0.0857306718826294
1743518935.87647,0.057256180793047,-9.77138042449951,-0.0857647955417633
1743518935.8922,0.057140689343214,-9.77173709869385,-0.0659682601690292
1743518935.90792,0.0372632928192616,-9.7711009979248,-0.0659341365098953
1743518935.92365,0.0770180821418762,-9.77237319946289,-0.0660023540258408
1743518935.93937,0.0771335661411285,-9.77201652526855,-0.0857988893985748
1743518935.95508,0.0572102405130863,-9.79174900054932,-0.0668135136365891
1743518935.9708,0.0573257319629192,-9.79139232635498,-0.0866100490093231
1743518935.98652,0.057256180793047,-9.77138042449951,-0.0857647955417633
1743518936.00223,0.057140689343214,-9.77173709869385,-0.0659682601690292
1743518936.01795,0.0573257319629192,-9.79139232635498,-0.0866100490093231
1743518936.03366,0.0573257319629192,-9.79139232635498,-0.0866100490093231
1743518936.04937,0.057140689343214,-9.77173709869385,-0.0659682601690292
1743518936.06508,0.057140689343214,-9.77173709869385,-0.0659682601690292
1743518936.08078,0.0573257319629192,-9.79139232635498,-0.0866100490093231
1743518936.09649,0.057140689343214,-9.77173709869385,-0.0659682601690292
1743518936.11219,0.0573257319629192,-9.79139232635498,-0.0866100490093231
1743518936.1279,0.0572102405130863,-9.79174900054932,-0.0668135136365891
1743518936.1436,0.0571866221725941,-9.75136756896973,-0.0849195122718811
1743518936.1593,0.057256180793047,-9.77138042449951,-0.0857647955417633
1743518936.175,0.057256180793047,-9.77138042449951,-0.0857647955417633
1743518936.1907,0.057256180793047,-9.77138042449951,-0.0857647955417633
1743518936.20639,0.0771335661411285,-9.77201652526855,-0.0857988893985748
1743518936.22208,0.0573257319629192,-9.79139232635498,-0.0866100490093231
1743518936.23777,0.0373328439891338,-9.79111289978027,-0.0667793899774551
1743518936.25347,0.0374483354389668,-9.79075622558594,-0.0865759253501892
1743518936.26915,0.057256180793047,-9.77138042449951,-0.0857647955417633
1743518936.28484,0.0374483354389668,-9.79075622558594,-0.0865759253501892
1743518936.30053,0.0573257319629192,-9.79139232635498,-0.0866100490093231
1743518936.31621,0.057256180793047,-9.77138042449951,-0.0857647955417633
1743518936.33189,0.057140689343214,-9.77173709869385,-0.0659682601690292
1743518936.34757,0.0771335661411285,-9.77201652526855,-0.0857988893985748
1743518936.36325,0.057140689343214,-9.77173709869385,-0.0659682601690292
1743518936.37892,0.057256180793047,-9.77138042449951,-0.0857647955417633
1743518936.3946,0.057256180793047,-9.77138042449951,-0.0857647955417633
1743518936.41027,0.0572102405130863,-9.79174900054932,-0.0668135136365891
1743518936.42594,0.057256180793047,-9.77138042449951,-0.0857647955417633
1743518936.44162,0.057140689343214,-9.77173709869385,-0.0659682601690292
1743518936.45728,0.057256180793047,-9.77138042449951,-0.0857647955417633
1743518936.47295,0.057256180793047,-9.77138042449951,-0.0857647955417633
1743518936.48861,0.057140689343214,-9.77173709869385,-0.0659682601690292
1743518936.50428,0.0573257319629192,-9.79139232635498,-0.0866100490093231
1743518936.51994,0.0771335661411285,-9.77201652526855,-0.0857988893985748
1743518936.5356,0.0573257319629192,-9.79139232635498,-0.0866100490093231
1743518936.55126,0.057256180793047,-9.77138042449951,-0.0857647955417633
1743518936.56692,0.0770180821418762,-9.77237319946289,-0.0660023540258408
1743518936.58257,0.057140689343214,-9.77173709869385,-0.0659682601690292
1743518936.59823,0.057256180793047,-9.77138042449951,-0.0857647955417633
1743518936.61388,0.0374483354389668,-9.79075622558594,-0.0865759253501892
1743518936.62953,0.057140689343214,-9.77173709869385,-0.0659682601690292
1743518936.64518,0.0373787842690945,-9.77074432373047,-0.0857306718826294
1743518936.66083,0.057256180793047,-9.77138042449951,-0.0857647955417633
1743518936.67648,0.057256180793047,-9.77138042449951,-0.0857647955417633
1743518936.69213,0.0373328439891338,-9.79111289978027,-0.0667793899774551
1743518936.70767,0.0573257319629192,-9.79139232635498,-0.0866100490093231
1743518936.7232,0.057140689343214,-9.77173709869385,-0.0659682601690292
1743518936.73873,0.057256180793047,-9.77138042449951,-0.0857647955417633
1743518936.75425,0.057256180793047,-9.77138042449951,-0.0857647955417633
1743518936.76977,0.057256180793047,-9.77138042449951,-0.0857647955417633
1743518936.78529,0.0573257319629192,-9.79139232635498,-0.0866100490093231
1743518936.8008,0.0770180821418762,-9.77237319946289,-0.0660023540258408
1743518936.8163,0.057256180793047,-9.77138042449951,-0.0857647955417633
1743518936.83181,0.0572102405130863,-9.79174900054932,-0.0668135136365891
1743518936.84731,0.0770180821418762,-9.77237319946289,-0.0660023540258408
1743518936.8628,0.057256180793047,-9.77138042449951,-0.0857647955417633
1743518936.8783,0.057256180793047,-9.77138042449951,-0.0857647955417633
1743518936.89378,0.057256180793047,-9.77138042449951,-0.0857647955417633
1743518936.90926,0.057256180793047,-9.77138042449951,-0.0857647955417633
1743518936.92475,0.057256180793047,-9.77138042449951,-0.0857647955417633
1743518936.94022,0.0574412234127522,-9.79103565216064,-0.106406599283218
1743518936.95569,0.0771335661411285,-9.77201652526855,-0.0857988893985748
1743518936.97116,0.0771335661411285,-9.77201652526855,-0.0857988893985748
1743518936.98662,0.057256180793047,-9.77138042449951,-0.0857647955417633
1743518937.00208,0.057256180793047,-9.77138042449951,-0.0857647955417633
1743518937.01753,0.057256180793047,-9.77138042449951,-0.0857647955417633
1743518937.03298,0.0771335661411285,-9.77201652526855,-0.0857988893985748
1743518937.04843,0.0770180821418762,-9.77237319946289,-0.0660023540258408
1743518937.06388,0.057256180793047,-9.77138042449951,-0.0857647955417633
1743518937.07932,0.057256180793047,-9.77138042449951,-0.0857647955417633
1743518937.09475,0.0771335661411285,-9.77201652526855,-0.0857988893985748
1743518937.11019,0.057140689343214,-9.77173709869385,-0.0659682601690292
1743518937.12562,0.0373787842690945,-9.77074432373047,-0.0857306718826294
1743518937.14104,0.057140689343214,-9.77173709869385,-0.0659682601690292
1743518937.15646,0.0572102405130863,-9.79174900054932,-0.0668135136365891
1743518937.17188,0.057140689343214,-9.77173709869385,-0.0659682601690292
1743518937.18729,0.0572102405130863,-9.79174900054932,-0.0668135136365891
1743518937.2027,0.0771335661411285,-9.77201652526855,-0.0857988893985748
1743518937.2181,0.057256180793047,-9.77138042449951,-0.0857647955417633
1743518937.2335,0.0573257319629192,-9.79139232635498,-0.0866100490093231
1743518937.24889,0.057256180793047,-9.77138042449951,-0.0857647955417633
1743518937.26428,0.0573257319629192,-9.79139232635498,-0.0866100490093231
1743518937.27967,0.0573257319629192,-9.79139232635498,-0.0866100490093231
1743518937.29505,0.057140689343214,-9.77173709869385,-0.0659682601690292
1743518937.31043,0.057140689343214,-9.77173709869385,-0.0659682601690292
1743518937.3258,0.0572102405130863,-9.79174900054932,-0.0668135136365891
1743518937.34117,0.0772031247615814,-9.79202842712402,-0.0866441428661346
1743518937.35654,0.057256180793047,-9.77138042449951,-0.0857647955417633
1743518937.37191,0.057140689343214,-9.77173709869385,-0.0659682601690292
1743518937.38727,0.057256180793047,-9.77138042449951,-0.0857647955417633
1743518937.40262,0.057256180793047,-9.77138042449951,-0.0857647955417633
1743518937.41797,0.057256180793047,-9.77138042449951,-0.0857647955417633
1743518937.43332,0.0572102405130863,-9.79174900054932,-0.0668135136365891
1743518937.44866,0.057256180793047,-9.77138042449951,-0.0857647955417633
1743518937.464,0.057140689343214,-9.77173709869385,-0.0659682601690292
1743518937.47934,0.0573257319629192,-9.79139232635498,-0.0866100490093231
1743518937.49467,0.0573257319629192,-9.79139232635498,-0.0866100490093231
1743518937.51,0.0770180821418762,-9.77237319946289,-0.0660023540258408
1743518937.52532,0.057140689343214,-9.77173709869385,-0.0659682601690292
1743518937.54064,0.057256180793047,-9.77138042449951,-0.0857647955417633
1743518937.55596,0.057140689343214,-9.77173709869385,-0.0659682601690292
1743518937.57127,0.0771335661411285,-9.77201652526855,-0.0857988893985748
1743518937.58658,0.057140689343214,-9.77173709869385,-0.0659682601690292
1743518937.60188,0.057140689343214,-9.77173709869385,-0.0659682601690292
1743518937.61718,0.0571866221725941,-9.75136756896973,-0.0849195122718811
1743518937.63248,0.057256180793047,-9.77138042449951,-0.0857647955417633
1743518937.64777,0.057140689343214,-9.77173709869385,-0.0659682601690292
1743518937.66306,0.057256180793047,-9.77138042449951,-0.0857647955417633
1743518937.67859,0.0573257319629192,-9.79139232635498,-0.0866100490093231
1743518937.69433,0.0572102405130863,-9.79174900054932,-0.0668135136365891
1743518937.71008,0.057256180793047,-9.77138042449951,-0.0857647955417633
1743518937.72582,0.0573257319629192,-9.79139232635498,-0.0866100490093231
1743518937.74156,0.0573257319629192,-9.79139232635498,-0.0866100490093231
1743518937.75731,0.0572102405130863,-9.79174900054932,-0.0668135136365891
1743518937.77305,0.057256180793047,-9.77138042449951,-0.0857647955417633
1743518937.78879,0.057256180793047,-9.77138042449951,-0.0857647955417633
1743518937.80453,0.0771335661411285,-9.77201652526855,-0.0857988893985748
1743518937.82028,0.0374483354389668,-9.79075622558594,-0.0865759253501892
1743518937.83602,0.0573257319629192,-9.79139232635498,-0.0866100490093231
1743518937.85176,0.057140689343214,-9.77173709869385,-0.0659682601690292
1743518937.8675,0.057256180793047,-9.77138042449951,-0.0857647955417633
1743518937.88325,0.0572102405130863,-9.79174900054932,-0.0668135136365891
1743518937.89899,0.057140689343214,-9.77173709869385,-0.0659682601690292
1743518937.91474,0.057256180793047,-9.77138042449951,-0.0857647955417633
1743518937.93048,0.057140689343214,-9.77173709869385,-0.0659682601690292
1743518937.94623,0.0573257319629192,-9.79139232635498,-0.0866100490093231
1743518937.96197,0.0573257319629192,-9.79139232635498,-0.0866100490093231
1743518937.97772,0.057256180793047,-9.77138042449951,-0.0857647955417633
1743518937.99347,0.057256180793047,-9.77138042449951,-0.0857647955417633
1743518938.00921,0.057256180793047,-9.77138042449951,-0.0857647955417633
1743518938.02496,0.0573257319629192,-9.79139232635498,-0.0866100490093231
1743518938.04071,0.0573257319629192,-9.79139232635498,-0.0866100490093231
1743518938.05646,0.057140689343214,-9.77173709869385,-0.0659682601690292
1743518938.07221,0.057256180793047,-9.77138042449951,-0.0857647955417633
1743518938.08795,0.0572102405130863,-9.79174900054932,-0.0668135136365891
1743518938.1037,0.0572797916829586,-9.81176090240479,-0.0676587671041489
1743518938.11945,0.057256180793047,-9.77138042449951,-0.0857647955417633
1743518938.1352,0.057256180793047,-9.77138042449951,-0.0857647955417633
1743518938.15095,0.057256180793047,-9.77138042449951,-0.0857647955417633
1743518938.1667,0.0572102405130863,-9.79174900054932,-0.0668135136365891
1743518938.18246,0.0573257319629192,-9.79139232635498,-0.0866100490093231
1743518938.19821,0.057256180793047,-9.77138042449951,-0.0857647955417633
1743518938.21396,0.057140689343214,-9.77173709869385,-0.0659682601690292
1743518938.22972,0.0572102405130863,-9.79174900054932,-0.0668135136365891
1743518938.24547,0.0772726684808731,-9.81204032897949,-0.0874893963336945
1743518938.26123,0.0573257319629192,-9.79139232635498,-0.0866100490093231
1743518938.27698,0.0771335661411285,-9.77201652526855,-0.0857988893985748
1743518938.29273,0.0770180821418762,-9.77237319946289,-0.0660023540258408
1743518938.30849,0.057140689343214,-9.77173709869385,-0.0659682601690292
1743518938.32424,0.057256180793047,-9.77138042449951,-0.0857647955417633
1743518938.34,0.057140689343214,-9.77173709869385,-0.0659682601690292
1743518938.35576,0.057256180793047,-9.77138042449951,-0.0857647955417633
1743518938.37151,0.0769485235214233,-9.75236034393311,-0.0651570707559586
1743518938.38727,0.057256180793047,-9.77138042449951,-0.0857647955417633
1743518938.40302,0.0573257319629192,-9.79139232635498,-0.0866100490093231
1743518938.41878,0.0573257319629192,-9.79139232635498,-0.0866100490093231
1743518938.43454,0.0771335661411285,-9.77201652526855,-0.0857988893985748
1743518938.4503,0.057256180793047,-9.77138042449951,-0.0857647955417633
1743518938.46606,0.057256180793047,-9.77138042449951,-0.0857647955417633
1743518938.48182,0.057256180793047,-9.77138042449951,-0.0857647955417633
1743518938.49758,0.0573257319629192,-9.79139232635498,-0.0866100490093231
1743518938.51334,0.057256180793047,-9.77138042449951,-0.0857647955417633
1743518938.5291,0.057140689343214,-9.77173709869385,-0.0659682601690292
1743518938.54487,0.0572102405130863,-9.79174900054932,-0.0668135136365891
1743518938.56063,0.0772031247615814,-9.79202842712402,-0.0866441428661346
1743518938.57639,0.0770180821418762,-9.77237319946289,-0.0660023540258408
1743518938.59216,0.0573257319629192,-9.79139232635498,-0.0866100490093231
1743518938.60792,0.057256180793047,-9.77138042449951,-0.0857647955417633
1743518938.62368,0.057256180793047,-9.77138042449951,-0.0857647955417633
1743518938.63944,0.057256180793047,-9.77138042449951,-0.0857647955417633
1743518938.65521,0.057256180793047,-9.77138042449951,-0.0857647955417633
1743518938.67097,0.057256180793047,-9.77138042449951,-0.0857647955417633
1743518938.68679,0.0570711307227612,-9.75172424316406,-0.065122976899147
1743518938.70262,0.057256180793047,-9.77138042449951,-0.0857647955417633
1743518938.71844,0.057256180793047,-9.77138042449951,-0.0857647955417633
1743518938.73427,0.057256180793047,-9.77138042449951,-0.0857647955417633
1743518938.7501,0.057256180793047,-9.77138042449951,-0.0857647955417633
1743518938.76593,0.057140689343214,-9.77173709869385,-0.0659682601690292
1743518938.78176,0.0570711307227612,-9.75172424316406,-0.065122976899147
1743518938.7976,0.057256180793047,-9.77138042449951,-0.0857647955417633
1743518938.81343,0.057256180793047,-9.77138042449951,-0.0857647955417633
1743518938.82927,0.0771335661411285,-9.77201652526855,-0.0857988893985748
1743518938.8451,0.0573257319629192,-9.79139232635498,-0.0866100490093231
1743518938.86094,0.057256180793047,-9.77138042449951,-0.0857647955417633
1743518938.87678,0.0770876258611679,-9.79238510131836,-0.0668476074934006
1743518938.89262,0.0572102405130863,-9.79174900054932,-0.0668135136365891
1743518938.90846,0.0572102405130863,-9.79174900054932,-0.0668135136365891
1743518938.9243,0.057256180793047,-9.77138042449951,-0.0857647955417633
1743518938.94015,0.0374483354389668,-9.79075622558594,-0.0865759253501892
1743518938.95599,0.057256180793047,-9.77138042449951,-0.0857647955417633
1743518938.97184,0.0771335661411285,-9.77201652526855,-0.0857988893985748
1743518938.98768,0.0572102405130863,-9.79174900054932,-0.0668135136365891
1743518939.00353,0.057256180793047,-9.77138042449951,-0.0857647955417633
1743518939.01939,0.057256180793047,-9.77138042449951,-0.0857647955417633
1743518939.03524,0.0573257319629192,-9.79139232635498,-0.0866100490093231
1743518939.05109,0.057256180793047,-9.77138042449951,-0.0857647955417633
1743518939.06695,0.057140689343214,-9.77173709869385,-0.0659682601690292
1743518939.0828,0.0573257319629192,-9.79139232635498,-0.0866100490093231
1743518939.09866,0.0771335661411285,-9.77201652526855,-0.0857988893985748
1743518939.11452,0.0573257319629192,-9.79139232635498,-0.0866100490093231
1743518939.13038,0.057256180793047,-9.77138042449951,-0.0857647955417633
1743518939.14624,0.057140689343214,-9.77173709869385,-0.0659682601690292
1743518939.1621,0.0573257319629192,-9.79139232635498,-0.0866100490093231
1743518939.17797,0.057256180793047,-9.77138042449951,-0.0857647955417633
1743518939.19383,0.057256180793047,-9.77138042449951,-0.0857647955417633
1743518939.20969,0.057256180793047,-9.77138042449951,-0.0857647955417633
1743518939.22556,0.057256180793047,-9.77138042449951,-0.0857647955417633
1743518939.24143,0.0573716722428799,-9.77102375030518,-0.105561345815659
1743518939.25729,0.0573257319629192,-9.79139232635498,-0.0866100490093231
1743518939.27316,0.057256180793047,-9.77138042449951,-0.0857647955417633
1743518939.28903,0.0573257319629192,-9.79139232635498,-0.0866100490093231
1743518939.3049,0.057256180793047,-9.77138042449951,-0.0857647955417633
1743518939.32077,0.057256180793047,-9.77138042449951,-0.0857647955417633
1743518939.33664,0.0573257319629192,-9.79139232635498,-0.0866100490093231
1743518939.35251,0.057256180793047,-9.77138042449951,-0.0857647955417633
1743518939.36838,0.0771335661411285,-9.77201652526855,-0.0857988893985748
1743518939.38426,0.0372632928192616,-9.7711009979248,-0.0659341365098953
1743518939.40013,0.0573257319629192,-9.79139232635498,-0.0866100490093231
1743518939.41601,0.057256180793047,-9.77138042449951,-0.0857647955417633
1743518939.43189,0.057140689343214,-9.77173709869385,-0.0659682601690292
1743518939.44777,0.0572102405130863,-9.79174900054932,-0.0668135136365891
1743518939.46365,0.057256180793047,-9.77138042449951,-0.0857647955417633
1743518939.47953,0.057256180793047,-9.77138042449951,-0.0857647955417633
1743518939.49542,0.0373787842690945,-9.77074432373047,-0.0857306718826294
1743518939.51131,0.057256180793047,-9.77138042449951,-0.0857647955417633
1743518939.52719,0.057140689343214,-9.77173709869385,-0.0659682601690292
1743518939.54308,0.0771335661411285,-9.77201652526855,-0.0857988893985748
1743518939.55897,0.057140689343214,-9.77173709869385,-0.0659682601690292
1743518939.57486,0.057256180793047,-9.77138042449951,-0.0857647955417633
1743518939.59075,0.057256180793047,-9.77138042449951,-0.0857647955417633
1743518939.60664,0.057256180793047,-9.77138042449951,-0.0857647955417633
1743518939.62253,0.057140689343214,-9.77173709869385,-0.0659682601690292
1743518939.63843,0.057140689343214,-9.77173709869385,-0.0659682601690292
1743518939.65432,0.0372632928192616,-9.7711009979248,-0.0659341365098953
1743518939.67022,0.057140689343214,-9.77173709869385,-0.0659682601690292
1743518939.68608,0.0573257319629192,-9.79139232635498,-0.0866100490093231
1743518939.70193,0.057256180793047,-9.77138042449951,-0.0857647955417633
1743518939.71778,0.057256180793047,-9.77138042449951,-0.0857647955417633
1743518939.73363,0.057256180793047,-9.77138042449951,-0.0857647955417633
1743518939.74948,0.0373787842690945,-9.77074432373047,-0.0857306718826294
1743518939.76533,0.057140689343214,-9.77173709869385,-0.0659682601690292
1743518939.78118,0.0571866221725941,-9.75136756896973,-0.0849195122718811
1743518939.79703,0.0772031247615814,-9.79202842712402,-0.0866441428661346
1743518939.81289,0.0770180821418762,-9.77237319946289,-0.0660023540258408
1743518939.82875,0.0771335661411285,-9.77201652526855,-0.0857988893985748
1743518939.8446,0.0572102405130863,-9.79174900054932,-0.0668135136365891
1743518939.86046,0.0573257319629192,-9.79139232635498,-0.0866100490093231
1743518939.87632,0.0771335661411285,-9.77201652526855,-0.0857988893985748
1743518939.89218,0.057140689343214,-9.77173709869385,-0.0659682601690292
1743518939.90805,0.057256180793047,-9.77138042449951,-0.0857647955417633
1743518939.92391,0.057140689343214,-9.77173709869385,-0.0659682601690292
1743518939.93977,0.0573257319629192,-9.79139232635498,-0.0866100490093231
1743518939.95564,0.057140689343214,-9.77173709869385,-0.0659682601690292
1743518939.9715,0.0571866221725941,-9.75136756896973,-0.0849195122718811
1743518939.98737,0.0573257319629192,-9.79139232635498,-0.0866100490093231
1743518940.00324,0.057256180793047,-9.77138042449951,-0.0857647955417633
1743518940.01911,0.0770180821418762,-9.77237319946289,-0.0660023540258408
1743518940.03498,0.057256180793047,-9.77138042449951,-0.0857647955417633
1743518940.05085,0.057256180793047,-9.77138042449951,-0.0857647955417633
1743518940.06672,0.0573257319629192,-9.79139232635498,-0.0866100490093231
1743518940.0826,0.057256180793047,-9.77138042449951,-0.0857647955417633
1743518940.09848,0.057256180793047,-9.77138042449951,-0.0857647955417633
1743518940.11435,0.057256180793047,-9.77138042449951,-0.0857647955417633
1743518940.13023,0.057256180793047,-9.77138042449951,-0.0857647955417633
1743518940.14611,0.057256180793047,-9.77138042449951,-0.0857647955417633
1743518940.16199,0.057256180793047,-9.77138042449951,-0.0857647955417633
1743518940.17787,0.057256180793047,-9.77138042449951,-0.0857647955417633
1743518940.19376,0.057256180793047,-9.77138042449951,-0.0857647955417633
1743518940.20964,0.057256180793047,-9.77138042449951,-0.0857647955417633
1743518940.22553,0.057256180793047,-9.77138042449951,-0.0857647955417633
1743518940.24141,0.0771335661411285,-9.77201652526855,-0.0857988893985748
1743518940.2573,0.057256180793047,-9.77138042449951,-0.0857647955417633
1743518940.27319,0.0771335661411285,-9.77201652526855,-0.0857988893985748
1743518940.28908,0.057140689343214,-9.77173709869385,-0.0659682601690292
1743518940.30497,0.0372632928192616,-9.7711009979248,-0.0659341365098953
1743518940.32086,0.057256180793047,-9.77138042449951,-0.0857647955417633
1743518940.33675,0.057256180793047,-9.77138042449951,-0.0857647955417633
1743518940.35264,0.0573257319629192,-9.79139232635498,-0.0866100490093231
1743518940.36854,0.057140689343214,-9.77173709869385,-0.0659682601690292
1743518940.38443,0.057140689343214,-9.77173709869385,-0.0659682601690292
1743518940.40033,0.057140689343214,-9.77173709869385,-0.0659682601690292
1743518940.41622,0.057256180793047,-9.77138042449951,-0.0857647955417633
1743518940.43212,0.057140689343214,-9.77173709869385,-0.0659682601690292
1743518940.44802,0.057140689343214,-9.77173709869385,-0.0659682601690292
1743518940.46392,0.0373787842690945,-9.77074432373047,-0.0857306718826294
1743518940.47982,0.0373787842690945,-9.77074432373047,-0.0857306718826294
1743518940.49572,0.0573257319629192,-9.79139232635498,-0.0866100490093231
1743518940.51162,0.057256180793047,-9.77138042449951,-0.0857647955417633
1743518940.52753,0.057256180793047,-9.77138042449951,-0.0857647955417633
1743518940.54343,0.057256180793047,-9.77138042449951,-0.0857647955417633
1743518940.55933,0.057140689343214,-9.77173709869385,-0.0659682601690292
1743518940.57524,0.0772031247615814,-9.79202842712402,-0.0866441428661346
1743518940.59115,0.057256180793047,-9.77138042449951,-0.0857647955417633
1743518940.60706,0.057140689343214,-9.77173709869385,-0.0659682601690292
1743518940.62297,0.0771335661411285,-9.77201652526855,-0.0857988893985748
1743518940.63888,0.057256180793047,-9.77138042449951,-0.0857647955417633
1743518940.65479,0.057256180793047,-9.77138042449951,-0.0857647955417633
1743518940.6707,0.057256180793047,-9.77138042449951,-0.0857647955417633
1743518940.68659,0.057256180793047,-9.77138042449951,-0.0857647955417633
1743518940.70237,0.057256180793047,-9.77138042449951,-0.0857647955417633
1743518940.71815,0.057256180793047,-9.77138042449951,-0.0857647955417633
1743518940.73394,0.0573257319629192,-9.79139232635498,-0.0866100490093231
1743518940.74972,0.057256180793047,-9.77138042449951,-0.0857647955417633
1743518940.76551,0.057256180793047,-9.77138042449951,-0.0857647955417633
1743518940.7813,0.057140689343214,-9.77173709869385,-0.0659682601690292
1743518940.79708,0.057256180793047,-9.77138042449951,-0.0857647955417633
1743518940.81287,0.057140689343214,-9.77173709869385,-0.0659682601690292
1743518940.82866,0.057256180793047,-9.77138042449951,-0.0857647955417633
1743518940.84444,0.0571866221725941,-9.75136756896973,-0.0849195122718811
1743518940.86023,0.0373328439891338,-9.79111289978027,-0.0667793899774551
1743518940.87602,0.0573257319629192,-9.79139232635498,-0.0866100490093231
1743518940.89181,0.057256180793047,-9.77138042449951,-0.0857647955417633
1743518940.9076,0.0573257319629192,-9.79139232635498,-0.0866100490093231
1743518940.9234,0.057140689343214,-9.77173709869385,-0.0659682601690292
1743518940.93919,0.057140689343214,-9.77173709869385,-0.0659682601690292
1743518940.95498,0.057140689343214,-9.77173709869385,-0.0659682601690292
1743518940.97077,0.057256180793047,-9.77138042449951,-0.0857647955417633
1743518940.98655,0.0573716722428799,-9.77102375030518,-0.105561345815659
1743518941.00234,0.057140689343214,-9.77173709869385,-0.0659682601690292
1743518941.01814,0.057140689343214,-9.77173709869385,-0.0659682601690292
1743518941.03393,0.057256180793047,-9.77138042449951,-0.0857647955417633
1743518941.04972,0.057256180793047,-9.77138042449951,-0.0857647955417633
1743518941.06551,0.0770180821418762,-9.77237319946289,-0.0660023540258408
1743518941.0813,0.057256180793047,-9.77138042449951,-0.0857647955417633
1743518941.09709,0.057256180793047,-9.77138042449951,-0.0857647955417633
1743518941.11288,0.0770640075206757,-9.75200366973877,-0.0849536061286926
1743518941.12868,0.057140689343214,-9.77173709869385,-0.0659682601690292
1743518941.14447,0.057140689343214,-9.77173709869385,-0.0659682601690292
1743518941.16026,0.057256180793047,-9.77138042449951,-0.0857647955417633
1743518941.17606,0.057256180793047,-9.77138042449951,-0.0857647955417633
1743518941.19185,0.057256180793047,-9.77138042449951,-0.0857647955417633
1743518941.20765,0.057256180793047,-9.77138042449951,-0.0857647955417633
1743518941.22344,0.057256180793047,-9.77138042449951,-0.0857647955417633
1743518941.23924,0.057256180793047,-9.77138042449951,-0.0857647955417633
1743518941.25503,0.057140689343214,-9.77173709869385,-0.0659682601690292
1743518941.27082,0.0770180821418762,-9.77237319946289,-0.0660023540258408
1743518941.28662,0.0572102405130863,-9.79174900054932,-0.0668135136365891
1743518941.30241,0.057256180793047,-9.77138042449951,-0.0857647955417633
1743518941.3182,0.057256180793047,-9.77138042449951,-0.0857647955417633
1743518941.334,0.057140689343214,-9.77173709869385,-0.0659682601690292
1743518941.34979,0.0571866221725941,-9.75136756896973,-0.0849195122718811
1743518941.36559,0.057140689343214,-9.77173709869385,-0.0659682601690292
1743518941.38139,0.0771335661411285,-9.77201652526855,-0.0857988893985748
1743518941.39719,0.0771335661411285,-9.77201652526855,-0.0857988893985748
1743518941.41298,0.057140689343214,-9.77173709869385,-0.0659682601690292
1743518941.42878,0.057256180793047,-9.77138042449951,-0.0857647955417633
1743518941.44458,0.0573257319629192,-9.79139232635498,-0.0866100490093231
1743518941.46038,0.0770180821418762,-9.77237319946289,-0.0660023540258408
1743518941.47618,0.0572102405130863,-9.79174900054932,-0.0668135136365891
1743518941.49198,0.057256180793047,-9.77138042449951,-0.0857647955417633
1743518941.50778,0.0771335661411285,-9.77201652526855,-0.0857988893985748
1743518941.52358,0.057256180793047,-9.77138042449951,-0.0857647955417633
1743518941.53937,0.057256180793047,-9.77138042449951,-0.0857647955417633
1743518941.55517,0.0572102405130863,-9.79174900054932,-0.0668135136365891
1743518941.57097,0.057256180793047,-9.77138042449951,-0.0857647955417633
1743518941.58677,0.057256180793047,-9.77138042449951,-0.0857647955417633
1743518941.60258,0.0772031247615814,-9.79202842712402,-0.0866441428661346
1743518941.61837,0.057140689343214,-9.77173709869385,-0.0659682601690292
1743518941.63417,0.0573257319629192,-9.79139232635498,-0.0866100490093231
1743518941.64997,0.0771335661411285,-9.77201652526855,-0.0857988893985748
1743518941.66577,0.057256180793047,-9.77138042449951,-0.0857647955417633
1743518941.68158,0.057256180793047,-9.77138042449951,-0.0857647955417633
1743518941.69736,0.057256180793047,-9.77138042449951,-0.0857647955417633
1743518941.71313,0.057256180793047,-9.77138042449951,-0.0857647955417633
1743518941.7289,0.0572102405130863,-9.79174900054932,-0.0668135136365891
1743518941.74467,0.057256180793047,-9.77138042449951,-0.0857647955417633
1743518941.76044,0.0772031247615814,-9.79202842712402,-0.0866441428661346
1743518941.77621,0.057256180793047,-9.77138042449951,-0.0857647955417633
1743518941.79198,0.057140689343214,-9.77173709869385,-0.0659682601690292
1743518941.80775,0.057140689343214,-9.77173709869385,-0.0659682601690292
1743518941.82352,0.057256180793047,-9.77138042449951,-0.0857647955417633
1743518941.83929,0.057256180793047,-9.77138042449951,-0.0857647955417633
1743518941.85506,0.0771335661411285,-9.77201652526855,-0.0857988893985748
1743518941.87083,0.057256180793047,-9.77138042449951,-0.0857647955417633
1743518941.8866,0.0371937341988087,-9.75108814239502,-0.0650888532400131
1743518941.90237,0.057256180793047,-9.77138042449951,-0.0857647955417633
1743518941.91814,0.057256180793047,-9.77138042449951,-0.0857647955417633
1743518941.9339,0.0573257319629192,-9.79139232635498,-0.0866100490093231
1743518941.94967,0.057140689343214,-9.77173709869385,-0.0659682601690292
1743518941.96544,0.057256180793047,-9.77138042449951,-0.0857647955417633
1743518941.98121,0.057256180793047,-9.77138042449951,-0.0857647955417633
1743518941.99698,0.057256180793047,-9.77138042449951,-0.0857647955417633
1743518942.01275,0.0573257319629192,-9.79139232635498,-0.0866100490093231
1743518942.02851,0.057256180793047,-9.77138042449951,-0.0857647955417633
1743518942.04428,0.057140689343214,-9.77173709869385,-0.0659682601690292
1743518942.06005,0.0573257319629192,-9.79139232635498,-0.0866100490093231
1743518942.07582,0.057256180793047,-9.77138042449951,-0.0857647955417633
1743518942.09159,0.057140689343214,-9.77173709869385,-0.0659682601690292
1743518942.10736,0.057140689343214,-9.77173709869385,-0.0659682601690292
1743518942.12313,0.057256180793047,-9.77138042449951,-0.0857647955417633
1743518942.1389,0.0372632928192616,-9.7711009979248,-0.0659341365098953
1743518942.15467,0.057140689343214,-9.77173709869385,-0.0659682601690292
1743518942.17044,0.0573257319629192,-9.79139232635498,-0.0866100490093231
1743518942.18621,0.0770640075206757,-9.75200366973877,-0.0849536061286926
1743518942.20198,0.0570711307227612,-9.75172424316406,-0.065122976899147
1743518942.21774,0.057256180793047,-9.77138042449951,-0.0857647955417633
1743518942.23352,0.0570711307227612,-9.75172424316406,-0.065122976899147
1743518942.24928,0.057256180793047,-9.77138042449951,-0.0857647955417633
1743518942.26505,0.057140689343214,-9.77173709869385,-0.0659682601690292
1743518942.28082,0.0573257319629192,-9.79139232635498,-0.0866100490093231
1743518942.2966,0.0573257319629192,-9.79139232635498,-0.0866100490093231
1743518942.31237,0.057256180793047,-9.77138042449951,-0.0857647955417633
1743518942.32814,0.0373328439891338,-9.79111289978027,-0.0667793899774551
1743518942.34391,0.057256180793047,-9.77138042449951,-0.0857647955417633
1743518942.35968,0.057256180793047,-9.77138042449951,-0.0857647955417633
1743518942.37545,0.057256180793047,-9.77138042449951,-0.0857647955417633
1743518942.39122,0.0771335661411285,-9.77201652526855,-0.0857988893985748
1743518942.40699,0.057256180793047,-9.77138042449951,-0.0857647955417633
1743518942.42276,0.057140689343214,-9.77173709869385,-0.0659682601690292
1743518942.43853,0.0373787842690945,-9.77074432373047,-0.0857306718826294
1743518942.4543,0.0572102405130863,-9.79174900054932,-0.0668135136365891
1743518942.47007,0.057140689343214,-9.77173709869385,-0.0659682601690292
1743518942.48584,0.057140689343214,-9.77173709869385,-0.0659682601690292
1743518942.50161,0.057256180793047,-9.77138042449951,-0.0857647955417633
1743518942.51738,0.057256180793047,-9.77138042449951,-0.0857647955417633
1743518942.53315,0.0372632928192616,-9.7711009979248,-0.0659341365098953
1743518942.54892,0.057256180793047,-9.77138042449951,-0.0857647955417633
1743518942.56469,0.0572102405130863,-9.79174900054932,-0.0668135136365891
1743518942.58047,0.0373787842690945,-9.77074432373047,-0.0857306718826294
1743518942.59624,0.057140689343214,-9.77173709869385,-0.0659682601690292
1743518942.61201,0.0771335661411285,-9.77201652526855,-0.0857988893985748
1743518942.62778,0.057256180793047,-9.77138042449951,-0.0857647955417633
1743518942.64355,0.057256180793047,-9.77138042449951,-0.0857647955417633
1743518942.65932,0.057140689343214,-9.77173709869385,-0.0659682601690292
1743518942.67509,0.057140689343214,-9.77173709869385,-0.0659682601690292
1743518942.69086,0.0771335661411285,-9.77201652526855,-0.0857988893985748
1743518942.70663,0.057140689343214,-9.77173709869385,-0.0659682601690292
1743518942.7224,0.057256180793047,-9.77138042449951,-0.0857647955417633
1743518942.73818,0.057256180793047,-9.77138042449951,-0.0857647955417633
1743518942.75395,0.057256180793047,-9.77138042449951,-0.0857647955417633
1743518942.76972,0.057140689343214,-9.77173709869385,-0.0659682601690292
1743518942.78549,0.0573257319629192,-9.79139232635498,-0.0866100490093231
1743518942.80126,0.057256180793047,-9.77138042449951,-0.0857647955417633
1743518942.81703,0.0573257319629192,-9.79139232635498,-0.0866100490093231
1743518942.8328,0.0770180821418762,-9.77237319946289,-0.0660023540258408
1743518942.84857,0.057256180793047,-9.77138042449951,-0.0857647955417633
1743518942.86435,0.0372632928192616,-9.7711009979248,-0.0659341365098953
1743518942.88012,0.0572102405130863,-9.79174900054932,-0.0668135136365891
1743518942.89589,0.057256180793047,-9.77138042449951,-0.0857647955417633
1743518942.91166,0.057256180793047,-9.77138042449951,-0.0857647955417633
1743518942.92743,0.0770180821418762,-9.77237319946289,-0.0660023540258408
1743518942.9432,0.0772031247615814,-9.79202842712402,-0.0866441428661346
1743518942.95897,0.057256180793047,-9.77138042449951,-0.0857647955417633
1743518942.97475,0.0571866221725941,-9.75136756896973,-0.0849195122718811
1743518942.99052,0.0572102405130863,-9.79174900054932,-0.0668135136365891
1743518943.00629,0.0571866221725941,-9.75136756896973,-0.0849195122718811
1743518943.02206,0.057256180793047,-9.77138042449951,-0.0857647955417633
1743518943.03783,0.057140689343214,-9.77173709869385,-0.0659682601690292
1743518943.05359,0.0572102405130863,-9.79174900054932,-0.0668135136365891
1743518943.06937,0.057256180793047,-9.77138042449951,-0.0857647955417633
1743518943.08514,0.057256180793047,-9.77138042449951,-0.0857647955417633
1743518943.10091,0.057256180793047,-9.77138042449951,-0.0857647955417633
1743518943.11668,0.057256180793047,-9.77138042449951,-0.0857647955417633
1743518943.13245,0.0771335661411285,-9.77201652526855,-0.0857988893985748
1743518943.14822,0.057256180793047,-9.77138042449951,-0.0857647955417633
1743518943.16399,0.0373092256486416,-9.75073146820068,-0.0848853886127472
1743518943.17976,0.057256180793047,-9.77138042449951,-0.0857647955417633
1743518943.19553,0.0573257319629192,-9.79139232635498,-0.0866100490093231
1743518943.21131,0.0571866221725941,-9.75136756896973,-0.0849195122718811
1743518943.22708,0.057256180793047,-9.77138042449951,-0.0857647955417633
1743518943.24285,0.057256180793047,-9.77138042449951,-0.0857647955417633
1743518943.25862,0.0772031247615814,-9.79202842712402,-0.0866441428661346
1743518943.2744,0.0573257319629192,-9.79139232635498,-0.0866100490093231
1743518943.29017,0.0772031247615814,-9.79202842712402,-0.0866441428661346
1743518943.30594,0.0373787842690945,-9.77074432373047,-0.0857306718826294
1743518943.32171,0.057140689343214,-9.77173709869385,-0.0659682601690292
1743518943.33749,0.0771335661411285,-9.77201652526855,-0.0857988893985748
1743518943.35326,0.057256180793047,-9.77138042449951,-0.0857647955417633
1743518943.36903,0.057256180793047,-9.77138042449951,-0.0857647955417633
1743518943.3848,0.057256180793047,-9.77138042449951,-0.0857647955417633
1743518943.40057,0.057256180793047,-9.77138042449951,-0.0857647955417633
1743518943.41635,0.057256180793047,-9.77138042449951,-0.0857647955417633
1743518943.43212,0.057256180793047,-9.77138042449951,-0.0857647955417633
1743518943.44789,0.057256180793047,-9.77138042449951,-0.0857647955417633
1743518943.46366,0.0771335661411285,-9.77201652526855,-0.0857988893985748
1743518943.47943,0.0372632928192616,-9.7711009979248,-0.0659341365098953
1743518943.49521,0.057140689343214,-9.77173709869385,-0.0659682601690292
1743518943.51098,0.057256180793047,-9.77138042449951,-0.0857647955417633
1743518943.52675,0.0573257319629192,-9.79139232635498,-0.0866100490093231
1743518943.54252,0.057256180793047,-9.77138042449951,-0.0857647955417633
1743518943.55829,0.057256180793047,-9.77138042449951,-0.0857647955417633
1743518943.57406,0.057256180793047,-9.77138042449951,-0.0857647955417633
1743518943.58983,0.057256180793047,-9.77138042449951,-0.0857647955417633
1743518943.60561,0.057256180793047,-9.77138042449951,-0.0857647955417633
1743518943.62138,0.057140689343214,-9.77173709869385,-0.0659682601690292
1743518943.63715,0.057256180793047,-9.77138042449951,-0.0857647955417633
1743518943.65292,0.057256180793047,-9.77138042449951,-0.0857647955417633
1743518943.66869,0.057256180793047,-9.77138042449951,-0.0857647955417633
1743518943.68446,0.057256180793047,-9.77138042449951,-0.0857647955417633
1743518943.70023,0.057256180793047,-9.77138042449951,-0.0857647955417633
1743518943.716,0.057256180793047,-9.77138042449951,-0.0857647955417633
1743518943.73177,0.057140689343214,-9.77173709869385,-0.0659682601690292
1743518943.74755,0.057256180793047,-9.77138042449951,-0.0857647955417633
1743518943.76332,0.0373787842690945,-9.77074432373047,-0.0857306718826294
1743518943.77909,0.0770640075206757,-9.75200366973877,-0.0849536061286926
1743518943.79487,0.057256180793047,-9.77138042449951,-0.0857647955417633
1743518943.81064,0.057256180793047,-9.77138042449951,-0.0857647955417633
1743518943.82641,0.0573257319629192,-9.79139232635498,-0.0866100490093231
1743518943.84218,0.0371937341988087,-9.75108814239502,-0.0650888532400131
1743518943.85795,0.057256180793047,-9.77138042449951,-0.0857647955417633
1743518943.87372,0.057256180793047,-9.77138042449951,-0.0857647955417633
1743518943.88949,0.057256180793047,-9.77138042449951,-0.0857647955417633
1743518943.90527,0.0570711307227612,-9.75172424316406,-0.065122976899147
1743518943.92104,0.057140689343214,-9.77173709869385,-0.0659682601690292
1743518943.93681,0.057256180793047,-9.77138042449951,-0.0857647955417633
1743518943.95258,0.0771335661411285,-9.77201652526855,-0.0857988893985748
1743518943.96835,0.057140689343214,-9.77173709869385,-0.0659682601690292
1743518943.98413,0.057256180793047,-9.77138042449951,-0.0857647955417633
1743518943.9999,0.0573257319629192,-9.79139232635498,-0.0866100490093231
1743518944.01567,0.057140689343214,-9.77173709869385,-0.0659682601690292
1743518944.03144,0.057140689343214,-9.77173709869385,-0.0659682601690292
1743518944.04722,0.0571866221725941,-9.75136756896973,-0.0849195122718811
1743518944.06299,0.057256180793047,-9.77138042449951,-0.0857647955417633
1743518944.07876,0.057256180793047,-9.77138042449951,-0.0857647955417633
1743518944.09453,0.057256180793047,-9.77138042449951,-0.0857647955417633
1743518944.1103,0.0572102405130863,-9.79174900054932,-0.0668135136365891
1743518944.12607,0.0573257319629192,-9.79139232635498,-0.0866100490093231
1743518944.14184,0.0571866221725941,-9.75136756896973,-0.0849195122718811
1743518944.15761,0.057140689343214,-9.77173709869385,-0.0659682601690292
1743518944.17339,0.057256180793047,-9.77138042449951,-0.0857647955417633
1743518944.18916,0.057256180793047,-9.77138042449951,-0.0857647955417633
1743518944.20493,0.057256180793047,-9.77138042449951,-0.0857647955417633
1743518944.2207,0.0572102405130863,-9.79174900054932,-0.0668135136365891
1743518944.23647,0.057256180793047,-9.77138042449951,-0.0857647955417633
1743518944.25225,0.057256180793047,-9.77138042449951,-0.0857647955417633
1743518944.26802,0.057256180793047,-9.77138042449951,-0.0857647955417633
1743518944.28379,0.057256180793047,-9.77138042449951,-0.0857647955417633
1743518944.29956,0.057140689343214,-9.77173709869385,-0.0659682601690292
1743518944.31533,0.0770640075206757,-9.75200366973877,-0.0849536061286926
1743518944.3311,0.057140689343214,-9.77173709869385,-0.0659682601690292
1743518944.34687,0.057140689343214,-9.77173709869385,-0.0659682601690292
1743518944.36264,0.057256180793047,-9.77138042449951,-0.0857647955417633
1743518944.37841,0.0771335661411285,-9.77201652526855,-0.0857988893985748
1743518944.39418,0.057256180793047,-9.77138042449951,-0.0857647955417633
1743518944.40995,0.0570711307227612,-9.75172424316406,-0.065122976899147
1743518944.42572,0.057140689343214,-9.77173709869385,-0.0659682601690292
1743518944.4415,0.057256180793047,-9.77138042449951,-0.0857647955417633
1743518944.45727,0.057256180793047,-9.77138042449951,-0.0857647955417633
1743518944.47304,0.057256180793047,-9.77138042449951,-0.0857647955417633
1743518944.4888,0.0771335661411285,-9.77201652526855,-0.0857988893985748
1743518944.50457,0.0771335661411285,-9.77201652526855,-0.0857988893985748
1743518944.52034,0.057256180793047,-9.77138042449951,-0.0857647955417633
1743518944.53611,0.0373787842690945,-9.77074432373047,-0.0857306718826294
1743518944.55188,0.0572102405130863,-9.79174900054932,-0.0668135136365891
1743518944.56765,0.0572102405130863,-9.79174900054932,-0.0668135136365891
1743518944.58342,0.0770640075206757,-9.75200366973877,-0.0849536061286926
1743518944.59919,0.0772031247615814,-9.79202842712402,-0.0866441428661346
1743518944.61497,0.057256180793047,-9.77138042449951,-0.0857647955417633
1743518944.63074,0.0571866221725941,-9.75136756896973,-0.0849195122718811
1743518944.64651,0.057256180793047,-9.77138042449951,-0.0857647955417633
1743518944.66228,0.057140689343214,-9.77173709869385,-0.0659682601690292
1743518944.67805,0.057140689343214,-9.77173709869385,-0.0659682601690292
1743518944.69382,0.057140689343214,-9.77173709869385,-0.0659682601690292
1743518944.70959,0.0771335661411285,-9.77201652526855,-0.0857988893985748
1743518944.72536,0.057140689343214,-9.77173709869385,-0.0659682601690292
1743518944.74113,0.0771335661411285,-9.77201652526855,-0.0857988893985748
1743518944.7569,0.057256180793047,-9.77138042449951,-0.0857647955417633
1743518944.77267,0.0570711307227612,-9.75172424316406,-0.065122976899147
1743518944.78844,0.057140689343214,-9.77173709869385,-0.0659682601690292
1743518944.80421,0.057256180793047,-9.77138042449951,-0.0857647955417633
1743518944.81998,0.0570711307227612,-9.75172424316406,-0.065122976899147
1743518944.83575,0.057256180793047,-9.77138042449951,-0.0857647955417633
1743518944.85152,0.057140689343214,-9.77173709869385,-0.0659682601690292
1743518944.86729,0.057256180793047,-9.77138042449951,-0.0857647955417633
1743518944.88306,0.0571866221725941,-9.75136756896973,-0.0849195122718811
1743518944.89883,0.057140689343214,-9.77173709869385,-0.0659682601690292
1743518944.9146,0.057140689343214,-9.77173709869385,-0.0659682601690292
1743518944.93037,0.057256180793047,-9.77138042449951,-0.0857647955417633
1743518944.94614,0.057140689343214,-9.77173709869385,-0.0659682601690292
1743518944.96191,0.057256180793047,-9.77138042449951,-0.0857647955417633
1743518944.97768,0.0770876258611679,-9.79238510131836,-0.0668476074934006
1743518944.99345,0.057256180793047,-9.77138042449951,-0.0857647955417633
1743518945.00922,0.057256180793047,-9.77138042449951,-0.0857647955417633
1743518945.02499,0.057256180793047,-9.77138042449951,-0.0857647955417633
1743518945.04077,0.0573257319629192,-9.79139232635498,-0.0866100490093231
1743518945.05654,0.057256180793047,-9.77138042449951,-0.0857647955417633
1743518945.07231,0.0571866221725941,-9.75136756896973,-0.0849195122718811
1743518945.08808,0.0771335661411285,-9.77201652526855,-0.0857988893985748
1743518945.10385,0.057256180793047,-9.77138042449951,-0.0857647955417633
1743518945.11962,0.057256180793047,-9.77138042449951,-0.0857647955417633
1743518945.13538,0.057140689343214,-9.77173709869385,-0.0659682601690292
1743518945.15115,0.057256180793047,-9.77138042449951,-0.0857647955417633
1743518945.16692,0.057140689343214,-9.77173709869385,-0.0659682601690292
1743518945.18269,0.057256180793047,-9.77138042449951,-0.0857647955417633
1743518945.19846,0.057140689343214,-9.77173709869385,-0.0659682601690292
1743518945.21423,0.057256180793047,-9.77138042449951,-0.0857647955417633
1743518945.23001,0.0571866221725941,-9.75136756896973,-0.0849195122718811
1743518945.24578,0.057256180793047,-9.77138042449951,-0.0857647955417633
1743518945.26155,0.0373787842690945,-9.77074432373047,-0.0857306718826294
1743518945.27732,0.057140689343214,-9.77173709869385,-0.0659682601690292
1743518945.29309,0.057256180793047,-9.77138042449951,-0.0857647955417633
1743518945.30886,0.0571866221725941,-9.75136756896973,-0.0849195122718811
1743518945.32463,0.057256180793047,-9.77138042449951,-0.0857647955417633
1743518945.3404,0.0771335661411285,-9.77201652526855,-0.0857988893985748
1743518945.35617,0.057256180793047,-9.77138042449951,-0.0857647955417633
1743518945.37194,0.0771335661411285,-9.77201652526855,-0.0857988893985748
1743518945.38771,0.0570711307227612,-9.75172424316406,-0.065122976899147
1743518945.40348,0.057256180793047,-9.77138042449951,-0.0857647955417633
1743518945.41925,0.0771335661411285,-9.77201652526855,-0.0857988893985748
1743518945.43502,0.057256180793047,-9.77138042449951,-0.0857647955417633
1743518945.45079,0.057256180793047,-9.77138042449951,-0.0857647955417633
1743518945.46656,0.057140689343214,-9.77173709869385,-0.0659682601690292
1743518945.48233,0.0571866221725941,-9.75136756896973,-0.0849195122718811
1743518945.4981,0.0771335661411285,-9.77201652526855,-0.0857988893985748
1743518945.51387,0.057256180793047,-9.77138042449951,-0.0857647955417633
1743518945.52964,0.0571866221725941,-9.75136756896973,-0.0849195122718811
1743518945.54541,0.057140689343214,-9.77173709869385,-0.0659682601690292
1743518945.56117,0.057256180793047,-9.77138042449951,-0.0857647955417633
1743518945.57695,0.057256180793047,-9.77138042449951,-0.0857647955417633
1743518945.59271,0.0573257319629192,-9.79139232635498,-0.0866100490093231
1743518945.60848,0.0770640075206757,-9.75200366973877,-0.0849536061286926
1743518945.62425,0.057256180793047,-9.77138042449951,-0.0857647955417633
1743518945.64002,0.0770876258611679,-9.79238510131836,-0.0668476074934006
1743518945.65579,0.057256180793047,-9.77138042449951,-0.0857647955417633
1743518945.67156,0.057256180793047,-9.77138042449951,-0.0857647955417633
1743518945.68733,0.0770180821418762,-9.77237319946289,-0.0660023540258408
1743518945.7031,0.057256180793047,-9.77138042449951,-0.0857647955417633
1743518945.71887,0.057140689343214,-9.77173709869385,-0.0659682601690292
1743518945.73464,0.0771335661411285,-9.77201652526855,-0.0857988893985748
1743518945.75041,0.057256180793047,-9.77138042449951,-0.0857647955417633
1743518945.76618,0.057256180793047,-9.77138042449951,-0.0857647955417633
1743518945.78195,0.057256180793047,-9.77138042449951,-0.0857647955417633
1743518945.79772,0.057256180793047,-9.77138042449951,-0.0857647955417633
1743518945.81349,0.057256180793047,-9.77138042449951,-0.0857647955417633
1743518945.82926,0.0771335661411285,-9.77201652526855,-0.0857988893985748
1743518945.84503,0.057256180793047,-9.77138042449951,-0.0857647955417633
1743518945.8608,0.0373787842690945,-9.77074432373047,-0.0857306718826294
1743518945.87657,0.0374483354389668,-9.79075622558594,-0.0865759253501892
1743518945.89234,0.0570711307227612,-9.75172424316406,-0.065122976899147
1743518945.90811,0.057256180793047,-9.77138042449951,-0.0857647955417633
1743518945.92388,0.057140689343214,-9.77173709869385,-0.0659682601690292
1743518945.93965,0.057140689343214,-9.77173709869385,-0.0659682601690292
1743518945.95542,0.057256180793047,-9.77138042449951,-0.0857647955417633
1743518945.97119,0.057256180793047,-9.77138042449951,-0.0857647955417633
1743518945.98696,0.0771335661411285,-9.77201652526855,-0.0857988893985748
1743518946.00273,0.057140689343214,-9.77173709869385,-0.0659682601690292
1743518946.0185,0.0771335661411285,-9.77201652526855,-0.0857988893985748
1743518946.03427,0.0771335661411285,-9.77201652526855,-0.0857988893985748
1743518946.05004,0.0373787842690945,-9.77074432373047,-0.0857306718826294
1743518946.06581,0.0769485235214233,-9.75236034393311,-0.0651570707559586
1743518946.08158,0.057256180793047,-9.77138042449951,-0.0857647955417633
1743518946.09735,0.057256180793047,-9.77138042449951,-0.0857647955417633
1743518946.11312,0.0571866221725941,-9.75136756896973,-0.0849195122718811
1743518946.12889,0.057140689343214,-9.77173709869385,-0.0659682601690292
1743518946.14466,0.0571866221725941,-9.75136756896973,-0.0849195122718811
1743518946.16043,0.057256180793047,-9.77138042449951,-0.0857647955417633
1743518946.1762,0.0573257319629192,-9.79139232635498,-0.0866100490093231
1743518946.19197,0.0772031247615814,-9.79202842712402,-0.0866441428661346
1743518946.20774,0.057140689343214,-9.77173709869385,-0.0659682601690292
1743518946.22351,0.057256180793047,-9.77138042449951,-0.0857647955417633
1743518946.23928,0.057140689343214,-9.77173709869385,-0.0659682601690292
1743518946.25505,0.0571866221725941,-9.75136756896973,-0.0849195122718811
1743518946.27082,0.0771335661411285,-9.77201652526855,-0.0857988893985748
1743518946.28659,0.0770876258611679,-9.79238510131836,-0.0668476074934006
1743518946.30237,0.057256180793047,-9.77138042449951,-0.0857647955417633
1743518946.31814,0.057256180793047,-9.77138042449951,-0.0857647955417633
1743518946.33391,0.0570711307227612,-9.75172424316406,-0.065122976899147
1743518946.34968,0.057140689343214,-9.77173709869385,-0.0659682601690292
1743518946.36545,0.0771335661411285,-9.77201652526855,-0.0857988893985748
1743518946.38123,0.057256180793047,-9.77138042449951,-0.0857647955417633
1743518946.397,0.057256180793047,-9.77138042449951,-0.0857647955417633
1743518946.41277,0.0373787842690945,-9.77074432373047,-0.0857306718826294
1743518946.42854,0.0771335661411285,-9.77201652526855,-0.0857988893985748
1743518946.44431,0.0570711307227612,-9.75172424316406,-0.065122976899147
1743518946.46008,0.057256180793047,-9.77138042449951,-0.0857647955417633
1743518946.47585,0.057256180793047,-9.77138042449951,-0.0857647955417633
1743518946.49162,0.0771335661411285,-9.77201652526855,-0.0857988893985748
1743518946.50739,0.057140689343214,-9.77173709869385,-0.0659682601690292
1743518946.52317,0.057256180793047,-9.77138042449951,-0.0857647955417633
1743518946.53894,0.0372632928192616,-9.7711009979248,-0.0659341365098953
1743518946.55471,0.057256180793047,-9.77138042449951,-0.0857647955417633
1743518946.57048,0.057256180793047,-9.77138042449951,-0.0857647955417633
1743518946.58625,0.057140689343214,-9.77173709869385,-0.0659682601690292
1743518946.60202,0.0771335661411285,-9.77201652526855,-0.0857988893985748
1743518946.61779,0.057256180793047,-9.77138042449951,-0.0857647955417633
1743518946.63356,0.057256180793047,-9.77138042449951,-0.0857647955417633
1743518946.64933,0.057256180793047,-9.77138042449951,-0.0857647955417633
1743518946.6651,0.057256180793047,-9.77138042449951,-0.0857647955417633
1743518946.68087,0.0770180821418762,-9.77237319946289,-0.0660023540258408
1743518946.69665,0.057256180793047,-9.77138042449951,-0.0857647955417633
1743518946.71249,0.057256180793047,-9.77138042449951,-0.0857647955417633
1743518946.72832,0.0573257319629192,-9.79139232635498,-0.0866100490093231
1743518946.74415,0.0770180821418762,-9.77237319946289,-0.0660023540258408
1743518946.75998,0.057140689343214,-9.77173709869385,-0.0659682601690292
1743518946.7758,0.057256180793047,-9.77138042449951,-0.0857647955417633
1743518946.79163,0.057256180793047,-9.77138042449951,-0.0857647955417633
1743518946.80746,0.057256180793047,-9.77138042449951,-0.0857647955417633
1743518946.82329,0.057256180793047,-9.77138042449951,-0.0857647955417633
1743518946.83912,0.0571866221725941,-9.75136756896973,-0.0849195122718811
1743518946.85495,0.057256180793047,-9.77138042449951,-0.0857647955417633
1743518946.87077,0.057256180793047,-9.77138042449951,-0.0857647955417633
1743518946.8866,0.057256180793047,-9.77138042449951,-0.0857647955417633
1743518946.90243,0.0571866221725941,-9.75136756896973,-0.0849195122718811
1743518946.91826,0.0771335661411285,-9.77201652526855,-0.0857988893985748
1743518946.9341,0.057256180793047,-9.77138042449951,-0.0857647955417633
1743518946.94993,0.057256180793047,-9.77138042449951,-0.0857647955417633
1743518946.96576,0.057256180793047,-9.77138042449951,-0.0857647955417633
1743518946.98159,0.0571866221725941,-9.75136756896973,-0.0849195122718811
1743518946.99742,0.0770180821418762,-9.77237319946289,-0.0660023540258408
1743518947.01326,0.0771335661411285,-9.77201652526855,-0.0857988893985748
1743518947.02909,0.057140689343214,-9.77173709869385,-0.0659682601690292
1743518947.04493,0.057256180793047,-9.77138042449951,-0.0857647955417633
1743518947.06076,0.0571866221725941,-9.75136756896973,-0.0849195122718811
1743518947.07659,0.0771335661411285,-9.77201652526855,-0.0857988893985748
1743518947.09242,0.057256180793047,-9.77138042449951,-0.0857647955417633
1743518947.10826,0.057256180793047,-9.77138042449951,-0.0857647955417633
1743518947.12409,0.057256180793047,-9.77138042449951,-0.0857647955417633
1743518947.13993,0.057256180793047,-9.77138042449951,-0.0857647955417633
1743518947.15577,0.057302113622427,-9.75101089477539,-0.104716062545776
1743518947.1716,0.0769485235214233,-9.75236034393311,-0.0651570707559586
1743518947.18744,0.057256180793047,-9.77138042449951,-0.0857647955417633
1743518947.20328,0.0573257319629192,-9.79139232635498,-0.0866100490093231
1743518947.21912,0.0770640075206757,-9.75200366973877,-0.0849536061286926
1743518947.23496,0.0571866221725941,-9.75136756896973,-0.0849195122718811
1743518947.2508,0.057256180793047,-9.77138042449951,-0.0857647955417633
1743518947.26664,0.0772031247615814,-9.79202842712402,-0.0866441428661346
1743518947.28248,0.057256180793047,-9.77138042449951,-0.0857647955417633
1743518947.29832,0.0771335661411285,-9.77201652526855,-0.0857988893985748
1743518947.31416,0.057256180793047,-9.77138042449951,-0.0857647955417633
1743518947.33,0.0571866221725941,-9.75136756896973,-0.0849195122718811
1743518947.34584,0.0571866221725941,-9.75136756896973,-0.0849195122718811
1743518947.36169,0.057256180793047,-9.77138042449951,-0.0857647955417633
1743518947.37753,0.057256180793047,-9.77138042449951,-0.0857647955417633
1743518947.39337,0.0771335661411285,-9.77201652526855,-0.0857988893985748
1743518947.40921,0.0771335661411285,-9.77201652526855,-0.0857988893985748
1743518947.42505,0.0770180821418762,-9.77237319946289,-0.0660023540258408
1743518947.4409,0.0571866221725941,-9.75136756896973,-0.0849195122718811
1743518947.45674,0.057256180793047,-9.77138042449951,-0.0857647955417633
1743518947.47258,0.057140689343214,-9.77173709869385,-0.0659682601690292
1743518947.48843,0.057256180793047,-9.77138042449951,-0.0857647955417633
1743518947.50428,0.057256180793047,-9.77138042449951,-0.0857647955417633
1743518947.52012,0.057256180793047,-9.77138042449951,-0.0857647955417633
1743518947.53597,0.0771335661411285,-9.77201652526855,-0.0857988893985748
1743518947.55182,0.057256180793047,-9.77138042449951,-0.0857647955417633
1743518947.56767,0.0771335661411285,-9.77201652526855,-0.0857988893985748
1743518947.58351,0.057256180793047,-9.77138042449951,-0.0857647955417633
1743518947.59936,0.057256180793047,-9.77138042449951,-0.0857647955417633
1743518947.61521,0.057256180793047,-9.77138042449951,-0.0857647955417633
1743518947.63106,0.057256180793047,-9.77138042449951,-0.0857647955417633
1743518947.64691,0.057256180793047,-9.77138042449951,-0.0857647955417633
1743518947.66276,0.057256180793047,-9.77138042449951,-0.0857647955417633
1743518947.67861,0.0571866221725941,-9.75136756896973,-0.0849195122718811
1743518947.69446,0.057256180793047,-9.77138042449951,-0.0857647955417633
1743518947.71025,0.057140689343214,-9.77173709869385,-0.0659682601690292
1743518947.72603,0.057256180793047,-9.77138042449951,-0.0857647955417633
1743518947.74182,0.057256180793047,-9.77138042449951,-0.0857647955417633
1743518947.7576,0.057256180793047,-9.77138042449951,-0.0857647955417633
1743518947.77339,0.0571866221725941,-9.75136756896973,-0.0849195122718811
1743518947.78917,0.057256180793047,-9.77138042449951,-0.0857647955417633
1743518947.80496,0.0771335661411285,-9.77201652526855,-0.0857988893985748
1743518947.82074,0.0771335661411285,-9.77201652526855,-0.0857988893985748
1743518947.83652,0.0373787842690945,-9.77074432373047,-0.0857306718826294
1743518947.85231,0.057256180793047,-9.77138042449951,-0.0857647955417633
1743518947.86809,0.057256180793047,-9.77138042449951,-0.0857647955417633
1743518947.88388,0.057256180793047,-9.77138042449951,-0.0857647955417633
1743518947.89966,0.0573257319629192,-9.79139232635498,-0.0866100490093231
1743518947.91545,0.057140689343214,-9.77173709869385,-0.0659682601690292
1743518947.93123,0.0571866221725941,-9.75136756896973,-0.0849195122718811
1743518947.94702,0.0570711307227612,-9.75172424316406,-0.065122976899147
1743518947.96281,0.057256180793047,-9.77138042449951,-0.0857647955417633
1743518947.97859,0.057256180793047,-9.77138042449951,-0.0857647955417633
1743518947.99438,0.0771335661411285,-9.77201652526855,-0.0857988893985748
1743518948.01016,0.0372632928192616,-9.7711009979248,-0.0659341365098953
1743518948.02595,0.057140689343214,-9.77173709869385,-0.0659682601690292
1743518948.04174,0.057140689343214,-9.77173709869385,-0.0659682601690292
1743518948.05752,0.057140689343214,-9.77173709869385,-0.0659682601690292
1743518948.07331,0.0571866221725941,-9.75136756896973,-0.0849195122718811
1743518948.0891,0.0771335661411285,-9.77201652526855,-0.0857988893985748
1743518948.10489,0.0771335661411285,-9.77201652526855,-0.0857988893985748
1743518948.12067,0.0373787842690945,-9.77074432373047,-0.0857306718826294
1743518948.13646,0.057256180793047,-9.77138042449951,-0.0857647955417633
1743518948.15225,0.057140689343214,-9.77173709869385,-0.0659682601690292
1743518948.16804,0.0573257319629192,-9.79139232635498,-0.0866100490093231
1743518948.18382,0.057256180793047,-9.77138042449951,-0.0857647955417633
1743518948.19961,0.057256180793047,-9.77138042449951,-0.0857647955417633
1743518948.2154,0.057256180793047,-9.77138042449951,-0.0857647955417633
1743518948.23119,0.0770180821418762,-9.77237319946289,-0.0660023540258408
1743518948.24698,0.057256180793047,-9.77138042449951,-0.0857647955417633
1743518948.26277,0.057256180793047,-9.77138042449951,-0.0857647955417633
1743518948.27855,0.057256180793047,-9.77138042449951,-0.0857647955417633
1743518948.29434,0.057256180793047,-9.77138042449951,-0.0857647955417633
1743518948.31013,0.057256180793047,-9.77138042449951,-0.0857647955417633
1743518948.32592,0.057256180793047,-9.77138042449951,-0.0857647955417633
1743518948.34171,0.0771335661411285,-9.77201652526855,-0.0857988893985748
1743518948.3575,0.0769485235214233,-9.75236034393311,-0.0651570707559586
1743518948.37329,0.0571866221725941,-9.75136756896973,-0.0849195122718811
1743518948.38908,0.057256180793047,-9.77138042449951,-0.0857647955417633
1743518948.40487,0.0571866221725941,-9.75136756896973,-0.0849195122718811
1743518948.42066,0.057256180793047,-9.77138042449951,-0.0857647955417633
1743518948.43645,0.0771335661411285,-9.77201652526855,-0.0857988893985748
1743518948.45224,0.057256180793047,-9.77138042449951,-0.0857647955417633
1743518948.46802,0.0769485235214233,-9.75236034393311,-0.0651570707559586
1743518948.48381,0.057256180793047,-9.77138042449951,-0.0857647955417633
1743518948.4996,0.057256180793047,-9.77138042449951,-0.0857647955417633
1743518948.51539,0.0771335661411285,-9.77201652526855,-0.0857988893985748
1743518948.53118,0.0573257319629192,-9.79139232635498,-0.0866100490093231
1743518948.54697,0.0771335661411285,-9.77201652526855,-0.0857988893985748
1743518948.56276,0.057256180793047,-9.77138042449951,-0.0857647955417633
1743518948.57855,0.0771335661411285,-9.77201652526855,-0.0857988893985748
1743518948.59434,0.057256180793047,-9.77138042449951,-0.0857647955417633
1743518948.61013,0.057256180793047,-9.77138042449951,-0.0857647955417633
1743518948.62592,0.057256180793047,-9.77138042449951,-0.0857647955417633
1743518948.64171,0.0770180821418762,-9.77237319946289,-0.0660023540258408
1743518948.6575,0.057256180793047,-9.77138042449951,-0.0857647955417633
1743518948.67329,0.057256180793047,-9.77138042449951,-0.0857647955417633
1743518948.68908,0.057256180793047,-9.77138042449951,-0.0857647955417633
1743518948.70486,0.0571866221725941,-9.75136756896973,-0.0849195122718811
1743518948.72064,0.057256180793047,-9.77138042449951,-0.0857647955417633
1743518948.73642,0.057256180793047,-9.77138042449951,-0.0857647955417633
1743518948.75219,0.0771335661411285,-9.77201652526855,-0.0857988893985748
1743518948.76797,0.0771335661411285,-9.77201652526855,-0.0857988893985748
1743518948.78375,0.057140689343214,-9.77173709869385,-0.0659682601690292
1743518948.79952,0.0769485235214233,-9.75236034393311,-0.0651570707559586
1743518948.8153,0.057140689343214,-9.77173709869385,-0.0659682601690292
1743518948.83108,0.0571866221725941,-9.75136756896973,-0.0849195122718811
1743518948.84686,0.057140689343214,-9.77173709869385,-0.0659682601690292
1743518948.86263,0.057256180793047,-9.77138042449951,-0.0857647955417633
1743518948.87841,0.057256180793047,-9.77138042449951,-0.0857647955417633
1743518948.89419,0.0571866221725941,-9.75136756896973,-0.0849195122718811
1743518948.90997,0.057256180793047,-9.77138042449951,-0.0857647955417633
1743518948.92574,0.0571866221725941,-9.75136756896973,-0.0849195122718811
1743518948.94152,0.0573257319629192,-9.79139232635498,-0.0866100490093231
1743518948.9573,0.0771335661411285,-9.77201652526855,-0.0857988893985748
1743518948.97308,0.0573257319629192,-9.79139232635498,-0.0866100490093231
1743518948.98885,0.0571866221725941,-9.75136756896973,-0.0849195122718811
1743518949.00463,0.0771335661411285,-9.77201652526855,-0.0857988893985748
1743518949.02041,0.057256180793047,-9.77138042449951,-0.0857647955417633
1743518949.03618,0.057256180793047,-9.77138042449951,-0.0857647955417633
1743518949.05196,0.057256180793047,-9.77138042449951,-0.0857647955417633
1743518949.06774,0.0770180821418762,-9.77237319946289,-0.0660023540258408
1743518949.08352,0.057140689343214,-9.77173709869385,-0.0659682601690292
1743518949.0993,0.0571866221725941,-9.75136756896973,-0.0849195122718811
1743518949.11507,0.057256180793047,-9.77138042449951,-0.0857647955417633
1743518949.13085,0.057140689343214,-9.77173709869385,-0.0659682601690292
1743518949.14663,0.0770180821418762,-9.77237319946289,-0.0660023540258408
1743518949.16241,0.0771335661411285,-9.77201652526855,-0.0857988893985748
1743518949.17819,0.057256180793047,-9.77138042449951,-0.0857647955417633
1743518949.19397,0.0573257319629192,-9.79139232635498,-0.0866100490093231
1743518949.20974,0.0771335661411285,-9.77201652526855,-0.0857988893985748
1743518949.22552,0.057256180793047,-9.77138042449951,-0.0857647955417633
1743518949.2413,0.0771335661411285,-9.77201652526855,-0.0857988893985748
1743518949.25708,0.057256180793047,-9.77138042449951,-0.0857647955417633
1743518949.27286,0.0770180821418762,-9.77237319946289,-0.0660023540258408
1743518949.28864,0.0771335661411285,-9.77201652526855,-0.0857988893985748
1743518949.30442,0.0769485235214233,-9.75236034393311,-0.0651570707559586
1743518949.32019,0.057256180793047,-9.77138042449951,-0.0857647955417633
1743518949.33597,0.057140689343214,-9.77173709869385,-0.0659682601690292
1743518949.35174,0.057140689343214,-9.77173709869385,-0.0659682601690292
1743518949.36752,0.0771335661411285,-9.77201652526855,-0.0857988893985748
1743518949.3833,0.0772031247615814,-9.79202842712402,-0.0866441428661346
1743518949.39908,0.0571866221725941,-9.75136756896973,-0.0849195122718811
1743518949.41486,0.0770180821418762,-9.77237319946289,-0.0660023540258408
1743518949.43064,0.0571866221725941,-9.75136756896973,-0.0849195122718811
1743518949.44641,0.0771335661411285,-9.77201652526855,-0.0857988893985748
1743518949.46219,0.0771335661411285,-9.77201652526855,-0.0857988893985748
1743518949.47797,0.0770180821418762,-9.77237319946289,-0.0660023540258408
1743518949.49375,0.057256180793047,-9.77138042449951,-0.0857647955417633
1743518949.50953,0.057256180793047,-9.77138042449951,-0.0857647955417633
1743518949.52531,0.057256180793047,-9.77138042449951,-0.0857647955417633
1743518949.54109,0.057256180793047,-9.77138042449951,-0.0857647955417633
1743518949.55686,0.0571866221725941,-9.75136756896973,-0.0849195122718811
