1743277951285291264
1743277951318624512
1743277951358314752
1743277951358314752
1743277951391648256
1743277951424981760
1743277951424981760
1743277951458315008
1743277951481649152
1743277951481649152
1743277951514982656
1743277951548316160
1743277951548316160
1743277951581649664
1743277951614982912
1743277951614982912
1743277951648316160
1743277951681649664
1743277951681649664
1743277951714982912
1743277951748317184
1743277951748317184
1743277951781650688
1743277951814983936
1743277951814983936
1743277951848317440
1743277951881650688
1743277951881650688
1743277951914984192
1743277951948317696
1743277951948317696
1743277951981650944
1743277952014984448
1743277952014984448
1743277952048317696
1743277952081651200
1743277952081651200
1743277952114984704
1743277952148317696
1743277952148317696
1743277952181651456
1743277952214984704
1743277952214984704
1743277952248377600
1743277952281710848
1743277952281710848
1743277952315044096
1743277952348377600
1743277952348377600
1743277952381711104
1743277952415044608
1743277952415044608
1743277952448377856
1743277952481711104
1743277952481711104
1743277952515044608
1743277952548378112
1743277952548378112
1743277952581711616
1743277952615045120
1743277952615045120
1743277952648378112
1743277952681711616
1743277952681711616
1743277952715044864
1743277952748410368
1743277952748410368
1743277952781743872
1743277952815077120
1743277952815077120
1743277952848410624
1743277952881743872
1743277952881743872
1743277952915077376
1743277952948410624
1743277952948410624
1743277952981744384
1743277953015077632
1743277953015077632
1743277953048410880
1743277953081744384
1743277953081744384
1743277953115077632
1743277953148411392
1743277953148411392
1743277953181744640
1743277953215077888
1743277953215077888
1743277953248449024
1743277953281782272
1743277953281782272
1743277953315115776
1743277953348449280
1743277953348449280
1743277953381782528
1743277953415116032
1743277953415116032
1743277953448449280
1743277953481782784
1743277953481782784
1743277953515116288
1743277953548449536
1743277953548449536
1743277953581783040
1743277953615116288
1743277953615116288
1743277953648449536
1743277953681783296
1743277953681783296
1743277953715116544
1743277953748475392
1743277953748475392
1743277953781808640
1743277953815142144
1743277953815142144
1743277953848475392
1743277953881808640
1743277953881808640
1743277953915142400
1743277953948475648
1743277953948475648
1743277953981809152
1743277954015142400
1743277954015142400
1743277954048475904
1743277954081809408
1743277954081809408
1743277954115142656
1743277954148476160
1743277954148476160
1743277954181809408
1743277954215142912
1743277954215142912
1743277954248517120
1743277954281850368
1743277954281850368
1743277954315183872
1743277954348517120
1743277954348517120
1743277954381850624
1743277954415184128
1743277954415184128
1743277954448517376
1743277954491850240
1743277954491850240
1743277954525183744
1743277954558516992
1743277954558516992
1743277954591850240
1743277954625183744
1743277954625183744
1743277954658517248
1743277954691850752
1743277954691850752
1743277954725184000
1743277954758559232
1743277954758559232
1743277954791892224
1743277954825225728
1743277954825225728
1743277954858559488
1743277954891892736
1743277954891892736
1743277954925226240
1743277954958559232
1743277954958559232
1743277954991892736
1743277955025226240
1743277955025226240
1743277955058559744
1743277955091893248
1743277955091893248
1743277955125226240
1743277955158559744
1743277955158559744
1743277955191893248
1743277955225226752
1743277955225226752
1743277955258574080
1743277955291907328
1743277955291907328
1743277955325240832
1743277955358574080
1743277955358574080
1743277955391907328
1743277955425241088
1743277955425241088
1743277955458574336
1743277955491908096
1743277955491908096
1743277955525241344
1743277955558574592
1743277955558574592
1743277955591908096
1743277955625241600
1743277955625241600
1743277955658575104
1743277955691908608
1743277955691908608
1743277955725241600
1743277955758633472
1743277955758633472
1743277955791966720
1743277955825299968
1743277955825299968
1743277955858633216
1743277955891966720
1743277955891966720
1743277955925300480
1743277955958633728
1743277955958633728
1743277955991966976
1743277956025300224
1743277956025300224
1743277956058633728
1743277956091967232
1743277956091967232
1743277956125300736
1743277956158634240
1743277956158634240
1743277956191967232
1743277956225300736
1743277956225300736
1743277956258673152
1743277956292006400
1743277956292006400
1743277956325339904
1743277956358673152
1743277956358673152
1743277956392006656
1743277956425340160
1743277956425340160
1743277956458673408
1743277956492006656
1743277956492006656
1743277956525340160
1743277956558673664
1743277956558673664
1743277956592007168
1743277956625340416
1743277956625340416
1743277956658673664
1743277956692007168
1743277956692007168
1743277956725340672
1743277956758675712
1743277956758675712
1743277956792009216
1743277956825342720
1743277956825342720
1743277956858675712
1743277956892009216
1743277956892009216
1743277956925342464
1743277956958676224
1743277956958676224
1743277956992009728
1743277957025342720
1743277957025342720
1743277957058676224
1743277957092009472
1743277957092009472
1743277957125342976
1743277957158676736
1743277957158676736
1743277957192009728
1743277957225343232
1743277957225343232
1743277957258741504
1743277957292075008
1743277957292075008
1743277957325408512
1743277957358741760
1743277957358741760
1743277957392075264
1743277957425408512
1743277957425408512
1743277957458742016
1743277957492075520
1743277957492075520
1743277957525408768
1743277957558742272
1743277957558742272
1743277957592075520
1743277957625408768
1743277957625408768
1743277957658742528
1743277957692075776
1743277957692075776
1743277957725409280
1743277957758767104
1743277957758767104
1743277957792100608
1743277957825434112
1743277957825434112
1743277957858767360
1743277957892100864
1743277957892100864
1743277957925434112
1743277957958767616
1743277957958767616
1743277957992100864
1743277958025434368
1743277958025434368
1743277958058767872
1743277958092101120
1743277958092101120
1743277958125434624
1743277958158767872
1743277958158767872
1743277958192101120
1743277958225434880
1743277958225434880
1743277958258784768
1743277958292118272
1743277958292118272
1743277958325451264
1743277958358785024
1743277958358785024
1743277958392118528
1743277958425451776
1743277958425451776
1743277958458785536
1743277958492118272
1743277958492118272
1743277958525452032
1743277958558785792
1743277958558785792
1743277958592119040
1743277958625452544
1743277958625452544
1743277958658785536
1743277958692119040
1743277958692119040
1743277958725452544
1743277958758818816
1743277958758818816
1743277958792152320
1743277958825485824
1743277958825485824
1743277958858819328
1743277958892152576
1743277958892152576
1743277958925485824
1743277958958819328
1743277958958819328
1743277958992152576
1743277959025486336
1743277959025486336
1743277959058819328
1743277959092152832
1743277959092152832
1743277959125486336
1743277959158819584
1743277959158819584
1743277959192153088
1743277959225486336
1743277959225486336
1743277959258845440
1743277959292178688
1743277959292178688
1743277959325511936
1743277959358845440
1743277959358845440
1743277959392178688
1743277959425512192
1743277959425512192
1743277959458845952
1743277959492178944
1743277959492178944
1743277959525512448
1743277959558845696
1743277959558845696
1743277959592179200
1743277959625512960
1743277959625512960
1743277959658845952
1743277959692179456
1743277959692179456
1743277959725512704
1743277959758907648
1743277959758907648
1743277959792241152
1743277959825574144
1743277959825574144
1743277959858907648
1743277959892240896
1743277959892240896
1743277959925574656
1743277959958908160
1743277959958908160
1743277959992241152
1743277960025574656
1743277960025574656
1743277960058907904
1743277960092241408
1743277960092241408
1743277960125574912
1743277960158908160
1743277960158908160
1743277960192241664
1743277960225574912
