1743518882576456192
1743518882615220480
1743518882655323392
1743518882694342144
1743518882734044672
1743518882774429440
1743518882815497472
1743518882857247744
1743518882899680768
1743518882942449920
1743518882982880000
1743518883023492864
1743518883064287744
1743518883105264896
1743518883145577472
1743518883183983104
1743518883222231040
1743518883260025088
1743518883296941056
1743518883333593600
1743518883369944320
1743518883405818880
1743518883441405696
1743518883476708864
1743518883511745536
1743518883546494976
1743518883580984576
1743518883615335680
1743518883649411584
1743518883683224576
1743518883717026048
1743518883750570496
1743518883783861504
1743518883817207040
1743518883850313984
1743518883883185920
1743518883916157184
1743518883948908800
1743518883981444096
1743518884014115328
1743518884046584576
1743518884078799360
1743518884111252224
1743518884143520512
1743518884175557376
1743518884207825408
1743518884239927040
1743518884271861760
1743518884303629824
1743518884335231488
1743518884366666240
1743518884397934592
1743518884429036032
1743518884459971072
1743518884490739456
1743518884521341440
1743518884551775488
1743518884582043904
1743518884612145920
1743518884642081024
1743518884671849728
1743518884701451520
1743518884730886656
1743518884760155392
1743518884789257472
1743518884818192896
1743518884846961664
1743518884875563776
1743518884903999232
1743518884932268288
1743518884960369664
1743518884988305408
1743518885016074240
1743518885043676672
1743518885071112448
1743518885104400896
1743518885137686528
1743518885170969344
1743518885204249088
1743518885237526272
1743518885270800128
1743518885304071424
1743518885337339648
1743518885370603776
1743518885403866368
1743518885437125632
1743518885470382592
1743518885503636480
1743518885536887040
1743518885570135040
1743518885603379968
1743518885636622080
1743518885669861376
1743518885703097600
1743518885736331008
1743518885769561600
1743518885802789120
1743518885836013056
1743518885869234688
1743518885902453760
1743518885935669504
1743518885968882688
1743518886002092800
1743518886035300096
1743518886068505856
1743518886101530112
1743518886134414336
1743518886167283456
1743518886200137216
1743518886232975360
1743518886265797120
1743518886298604800
1743518886331396864
1743518886364173312
1743518886396934400
1743518886429680384
1743518886462410752
1743518886495125760
1743518886527825152
1743518886560509440
1743518886593178368
1743518886625831680
1743518886658469376
1743518886691090944
1743518886723698432
1743518886756290048
1743518886788866560
1743518886821427456
1743518886853972992
1743518886886502912
1743518886919017472
1743518886951516928
1743518886984000768
1743518887016469248
1743518887048922368
1743518887082017024
1743518887115371520
1743518887148728832
1743518887182090752
1743518887215456768
1743518887248826624
1743518887282199808
1743518887315577088
1743518887348957696
1743518887382342656
1743518887415730944
1743518887449123328
1743518887482519296
1743518887515919104
1743518887549322752
1743518887582729216
1743518887616140032
1743518887649554944
1743518887682973696
1743518887716396032
1743518887749822464
1743518887783252224
1743518887816685824
1743518887850123520
1743518887883564800
1743518887917009920
1743518887950458624
1743518887983911168
1743518888017366528
1743518888050826752
1743518888084289536
1743518888117790976
1743518888151298560
1743518888184812032
1743518888218331648
1743518888251857152
1743518888285388544
1743518888318925824
1743518888352469248
1743518888386018816
1743518888419574272
