1743278389976284160
1743278390009617664
1743278390009617664
1743278390049307648
1743278390049307648
1743278390082641152
1743278390115974400
1743278390115974400
1743278390149307904
1743278390172642304
1743278390172642304
1743278390205975552
1743278390239308800
1743278390239308800
1743278390272642304
1743278390305975552
1743278390305975552
1743278390339309312
1743278390372642560
1743278390372642560
1743278390405975808
1743278390439358720
1743278390439358720
1743278390472691968
1743278390506025216
1743278390506025216
1743278390539358976
1743278390572692224
1743278390572692224
1743278390606025728
1743278390639358976
1743278390639358976
1743278390672692480
1743278390706025728
1743278390706025728
1743278390739359232
1743278390772692736
1743278390772692736
1743278390806025984
1743278390839359488
1743278390839359488
1743278390872692736
1743278390906026240
1743278390906026240
1743278390939405312
1743278390972738560
1743278390972738560
1743278391006072064
1743278391039405568
1743278391039405568
1743278391072738816
1743278391106072064
1743278391106072064
1743278391139405568
1743278391172739072
1743278391172739072
1743278391206072576
1743278391239405824
1743278391239405824
1743278391272739328
1743278391306072576
1743278391306072576
1743278391339406080
1743278391372739328
1743278391372739328
1743278391406072832
1743278391439451392
1743278391439451392
1743278391472784640
1743278391506118400
1743278391506118400
1743278391539451392
1743278391572784896
1743278391572784896
1743278391606118400
1743278391639451648
1743278391639451648
1743278391672785408
1743278391706118400
1743278391706118400
1743278391739451904
1743278391772785408
1743278391772785408
1743278391806118656
1743278391839452160
1743278391839452160
1743278391872785408
1743278391906118912
1743278391906118912
1743278391939481856
1743278391972815360
1743278391972815360
1743278392006148864
1743278392039481856
1743278392039481856
1743278392072815360
1743278392106148864
1743278392106148864
1743278392139482368
1743278392172815872
1743278392172815872
1743278392206148864
1743278392239482368
1743278392239482368
1743278392272815872
1743278392306149120
1743278392306149120
1743278392339482880
1743278392372815872
1743278392372815872
1743278392406149376
1743278392439501056
1743278392439501056
1743278392472834560
1743278392516167168
1743278392516167168
1743278392549500672
1743278392582833920
1743278392582833920
1743278392616167424
1743278392649500928
1743278392649500928
1743278392682834176
1743278392716167680
1743278392716167680
1743278392749500928
1743278392782834432
1743278392782834432
1743278392816167936
1743278392849501440
1743278392849501440
1743278392882834688
1743278392916167936
1743278392916167936
1743278392949539840
1743278392982873088
1743278392982873088
1743278393016206592
1743278393049540096
1743278393049540096
1743278393082873344
1743278393116206848
1743278393116206848
1743278393149540096
1743278393182873600
1743278393182873600
1743278393216207104
1743278393249540352
1743278393249540352
1743278393282873856
1743278393316207104
1743278393316207104
1743278393349540352
1743278393382873856
1743278393382873856
1743278393416207360
1743278393449587456
1743278393449587456
1743278393482920960
1743278393516254464
1743278393516254464
1743278393549587712
1743278393582921216
1743278393582921216
1743278393616254464
1743278393649587968
1743278393649587968
1743278393682921472
1743278393716254720
1743278393716254720
1743278393739589120
1743278393772922624
1743278393772922624
1743278393806255872
1743278393839589120
1743278393839589120
1743278393872922624
1743278393906256128
1743278393906256128
1743278393939606784
1743278393972940544
1743278393972940544
1743278394006273792
1743278394039607296
1743278394039607296
1743278394072941056
1743278394106274048
1743278394106274048
1743278394139607552
1743278394172941056
1743278394172941056
1743278394206274560
1743278394239608064
1743278394239608064
1743278394272941056
1743278394306274560
1743278394306274560
1743278394339608064
1743278394372941568
1743278394372941568
1743278394406275072
1743278394439656704
1743278394439656704
1743278394472990208
1743278394506323456
1743278394506323456
1743278394539657216
1743278394572990208
1743278394572990208
1743278394606323712
1743278394639657216
1743278394639657216
1743278394672990464
1743278394706324224
1743278394706324224
1743278394739657216
1743278394772990720
1743278394772990720
1743278394806324224
1743278394839657472
1743278394839657472
1743278394872990976
1743278394906324224
1743278394906324224
1743278394939704576
1743278394973038080
1743278394973038080
1743278395006371328
1743278395039704832
1743278395039704832
1743278395073038080
1743278395106371584
1743278395106371584
1743278395139705088
1743278395173038592
1743278395173038592
1743278395206371840
1743278395239705088
1743278395239705088
1743278395273038592
1743278395306372096
1743278395306372096
1743278395339705344
1743278395373038848
1743278395373038848
1743278395406372096
1743278395439733760
1743278395439733760
1743278395473067520
1743278395506400256
1743278395506400256
1743278395539734016
1743278395573067520
1743278395573067520
1743278395606401024
1743278395639734272
1743278395639734272
1743278395673067520
1743278395706401024
1743278395706401024
1743278395739734528
1743278395773068032
1743278395773068032
1743278395806401280
1743278395839734528
1743278395839734528
1743278395873068032
1743278395906401280
1743278395906401280
1743278395939756288
1743278395973089792
1743278395973089792
1743278396006423296
1743278396039756544
1743278396039756544
1743278396073089792
1743278396106423296
1743278396106423296
1743278396139756800
1743278396173090304
1743278396173090304
1743278396206423552
1743278396239756800
1743278396239756800
1743278396273090304
1743278396306423552
1743278396306423552
1743278396339757312
1743278396373090560
1743278396373090560
1743278396406423808
1743278396439789056
1743278396439789056
1743278396473122304
1743278396506455808
1743278396506455808
1743278396539789312
1743278396573122560
1743278396573122560
1743278396606456064
1743278396639789312
1743278396639789312
1743278396673122816
1743278396706456064
1743278396706456064
1743278396739789568
1743278396773123072
1743278396773123072
1743278396806456320
1743278396839789824
1743278396839789824
1743278396873123072
1743278396906456576
1743278396906456576
1743278396939842816
1743278396973176320
1743278396973176320
1743278397006509824
1743278397039843072
1743278397039843072
1743278397073176576
1743278397106510080
1743278397106510080
1743278397139843328
1743278397173176832
1743278397173176832
1743278397206510080
1743278397239843584
1743278397239843584
1743278397273177088
1743278397306510336
1743278397306510336
1743278397339843840
1743278397373177088
1743278397373177088
1743278397406510592
1743278397439864320
1743278397439864320
1743278397473197568
1743278397506531072
