1743272149920506880
1743272149953840128
1743272149953840128
1743272149993530368
1743272149993530368
1743272150026863872
1743272150050198016
1743272150050198016
1743272150083531264
1743272150116864768
1743272150116864768
1743272150150198272
1743272150183531520
1743272150183531520
1743272150216865024
1743272150250198272
1743272150250198272
1743272150283531776
1743272150316865280
1743272150316865280
1743272150350193664
1743272150383527168
1743272150383527168
1743272150416860416
1743272150450193920
1743272150450193920
1743272150483527168
1743272150516860672
1743272150516860672
1743272150550193920
1743272150583527424
1743272150583527424
1743272150616860928
1743272150650194176
1743272150650194176
1743272150683527680
1743272150716860928
1743272150716860928
1743272150750194432
1743272150783527936
1743272150783527936
1743272150816861184
1743272150850220800
1743272150850220800
1743272150883554560
1743272150916887808
1743272150916887808
1743272150950221312
1743272150983554304
1743272150983554304
1743272151016888064
1743272151050221568
1743272151050221568
1743272151083555072
1743272151116888576
1743272151116888576
1743272151150221824
1743272151183555072
1743272151183555072
1743272151216888576
1743272151250222080
1743272151250222080
1743272151283555584
1743272151316888832
1743272151316888832
1743272151350255104
1743272151383588352
1743272151383588352
1743272151416921600
1743272151450255104
1743272151450255104
1743272151483588352
1743272151516922112
1743272151516922112
1743272151550255104
1743272151583588608
1743272151583588608
1743272151616922112
1743272151650255360
1743272151650255360
1743272151683588864
1743272151716922112
1743272151716922112
1743272151750255616
1743272151783589120
1743272151783589120
1743272151816922368
1743272151850295808
1743272151850295808
1743272151883628800
1743272151916962304
1743272151916962304
1743272151950295808
1743272151983629312
1743272151983629312
1743272152016962816
1743272152050295808
1743272152050295808
1743272152083629312
1743272152116962816
1743272152116962816
1743272152150296320
1743272152183629824
1743272152183629824
1743272152216962816
1743272152250296320
1743272152250296320
1743272152283629824
1743272152316963072
1743272152316963072
1743272152350308608
1743272152383641856
1743272152383641856
1743272152416975360
1743272152450308864
1743272152450308864
1743272152483642112
1743272152516975616
1743272152516975616
1743272152550308864
1743272152583642368
1743272152583642368
1743272152616975616
1743272152650309120
1743272152650309120
1743272152683642624
1743272152716975872
1743272152716975872
1743272152750309376
1743272152783642624
1743272152783642624
1743272152816976128
1743272152850391808
1743272152850391808
1743272152883725056
1743272152917058816
1743272152917058816
1743272152950391808
1743272152983725312
1743272152983725312
1743272153017058816
1743272153050392064
1743272153050392064
1743272153083725568
1743272153117059072
1743272153117059072
1743272153150392320
1743272153183725824
1743272153183725824
1743272153217059072
1743272153250392576
1743272153250392576
1743272153283726080
1743272153317059328
1743272153317059328
1743272153350380288
1743272153383713536
1743272153383713536
1743272153417047040
1743272153450380032
1743272153450380032
1743272153483713536
1743272153517047040
1743272153517047040
1743272153550380544
1743272153583714048
1743272153583714048
1743272153617047040
1743272153660379648
1743272153660379648
1743272153693713152
1743272153727046400
1743272153727046400
1743272153760379904
1743272153793713408
1743272153793713408
1743272153827046656
1743272153860451072
1743272153860451072
1743272153893784320
1743272153927117824
1743272153927117824
1743272153960451072
1743272153993784320
1743272153993784320
1743272154027118080
1743272154060451328
1743272154060451328
1743272154093784832
1743272154127118080
1743272154127118080
1743272154160451328
1743272154193784832
1743272154193784832
1743272154227118336
1743272154260451840
1743272154260451840
1743272154293785088
1743272154327118336
1743272154327118336
1743272154360463360
1743272154393796608
1743272154393796608
1743272154427130112
1743272154460463872
1743272154460463872
1743272154493796864
1743272154527130368
1743272154527130368
1743272154560463616
1743272154593797120
1743272154593797120
1743272154627130624
1743272154660463872
1743272154660463872
1743272154693797376
1743272154727130624
1743272154727130624
1743272154760464128
1743272154793797376
1743272154793797376
1743272154827130880
1743272154860495872
1743272154860495872
1743272154893829120
1743272154927162624
1743272154927162624
1743272154960495872
1743272154993829376
1743272154993829376
1743272155027162880
1743272155060496128
1743272155060496128
1743272155093829632
1743272155127162880
1743272155127162880
1743272155160496384
1743272155193829888
1743272155193829888
1743272155227163136
1743272155260496640
1743272155260496640
1743272155293829888
1743272155327163392
1743272155327163392
1743272155360531712
1743272155393865216
1743272155393865216
1743272155427198464
1743272155460531712
1743272155460531712
1743272155493865216
1743272155527198720
1743272155527198720
1743272155560531968
1743272155593865728
1743272155593865728
1743272155627198720
1743272155660532224
1743272155660532224
1743272155693865472
1743272155727198976
1743272155727198976
1743272155760532736
1743272155793865728
1743272155793865728
1743272155827199232
1743272155860570368
1743272155860570368
1743272155893903616
1743272155927237376
1743272155927237376
1743272155960570624
1743272155993904128
1743272155993904128
1743272156027237376
1743272156060570880
1743272156060570880
1743272156093904384
1743272156127237632
1743272156127237632
1743272156160571136
1743272156193904384
1743272156193904384
1743272156227237888
1743272156260571136
1743272156260571136
1743272156293904640
1743272156327238144
1743272156327238144
1743272156360602880
1743272156393936384
1743272156393936384
1743272156427269632
1743272156460602880
1743272156460602880
1743272156493936640
1743272156527269888
1743272156527269888
1743272156560603392
1743272156593937152
1743272156593937152
1743272156627270144
1743272156660603648
1743272156660603648
1743272156693937152
1743272156727270656
1743272156727270656
1743272156760603904
1743272156793937152
1743272156793937152
1743272156827270656
1743272156860627968
1743272156860627968
1743272156893961472
1743272156927294720
1743272156927294720
1743272156960628224
1743272156993961728
1743272156993961728
1743272157027294976
1743272157060628480
1743272157060628480
1743272157093961728
1743272157127295232
1743272157127295232
1743272157160628736
1743272157193961984
1743272157193961984
1743272157227295488
1743272157260628736
1743272157260628736
1743272157293962240
1743272157327295744
1743272157327295744
1743272157360661248
1743272157393994752
1743272157393994752
1743272157427327744
1743272157460661760
1743272157460661760
1743272157493995264
1743272157527328512
1743272157527328512
1743272157560661760
1743272157593995008
1743272157593995008
1743272157627328512
1743272157660662272
1743272157660662272
1743272157693995520
1743272157727328768
1743272157727328768
1743272157760662016
1743272157793995520
1743272157793995520
1743272157827329024
1743272157860693504
1743272157860693504
1743272157894027008
1743272157927360000
1743272157927360000
1743272157960693504
1743272157994027008
1743272157994027008
1743272158027360512
1743272158050694400
1743272158050694400
1743272158084027648
1743272158117361152
1743272158117361152
1743272158150694656
1743272158184028160
1743272158184028160
1743272158217361408
1743272158250694656
1743272158250694656
1743272158284028160
1743272158317361664
1743272158317361664
1743272158350726400
1743272158384059648
1743272158384059648
1743272158417393152
1743272158450726144
1743272158450726144
1743272158484059904
1743272158517393408
1743272158517393408
1743272158550726656
1743272158584060160
1743272158584060160
1743272158617393152
1743272158650726912
1743272158650726912
1743272158684060416
1743272158717393664
1743272158717393664
1743272158750727168
1743272158784060160
1743272158784060160
1743272158817393664
1743272158850759936
1743272158850759936
1743272158884093184
1743272158917426944
1743272158917426944
1743272158950760192
1743272158984093440
1743272158984093440
1743272159017426688
1743272159050760192
1743272159050760192
1743272159084093696
1743272159117427200
1743272159117427200
1743272159150760704
1743272159184093696
1743272159184093696
1743272159217427200
1743272159250760704
1743272159250760704
1743272159284094208
1743272159317427712
1743272159317427712
1743272159350786560
1743272159384120064
1743272159384120064
1743272159417453312
1743272159450786560
1743272159450786560
1743272159484120064
1743272159517453312
1743272159517453312
1743272159550787072
1743272159584120576
1743272159584120576
1743272159617453568
1743272159650787072
1743272159650787072
1743272159684120320
1743272159717454080
1743272159717454080
1743272159750787584
1743272159784120576
1743272159784120576
1743272159817454080
1743272159850818816
1743272159850818816
1743272159884152320
1743272159917486080
1743272159917486080
1743272159950819072
1743272159984152576
1743272159984152576
1743272160017485824
1743272160050819328
1743272160050819328
1743272160084152576
1743272160117486336
1743272160117486336
1743272160150819584
1743272160184152832
1743272160184152832
1743272160217486336
1743272160250819584
1743272160250819584
1743272160284153344
1743272160317486592
1743272160317486592
1743272160350865408
1743272160384198656
1743272160384198656
1743272160417531904
1743272160450865408
1743272160450865408
1743272160484199168
1743272160517532416
1743272160517532416
1743272160550865664
1743272160584198912
1743272160584198912
1743272160617532416
1743272160650865920
1743272160650865920
1743272160684199424
1743272160717532672
1743272160717532672
1743272160750865920
1743272160784199424
1743272160784199424
1743272160817532928
1743272160850866432
1743272160850866432
1743272160884199936
1743272160917532928
1743272160917532928
1743272160950866432
1743272160984199936
1743272160984199936
1743272161017533184
1743272161050866944
1743272161050866944
1743272161084199936
1743272161117533440
1743272161117533440
1743272161150866688
1743272161184200192
1743272161184200192
1743272161217533952
1743272161250866944
1743272161250866944
1743272161284200448
1743272161317533696
1743272161317533696
1743272161350867200
1743272161384264192
1743272161384264192
1743272161417597440
1743272161450930944
1743272161450930944
1743272161484264192
1743272161517597696
1743272161517597696
1743272161550931200
1743272161584264448
1743272161584264448
