1743278596788474624
1743278596821808128
1743278596861498112
1743278596861498112
1743278596894831616
1743278596928164864
1743278596928164864
1743278596951499264
1743278596984832512
1743278596984832512
1743278597018166016
1743278597051499520
1743278597051499520
1743278597084833024
1743278597118166272
1743278597118166272
1743278597151499520
1743278597184833024
1743278597184833024
1743278597218166528
1743278597251567616
1743278597251567616
1743278597284901120
1743278597318234368
1743278597318234368
1743278597351567872
1743278597384901376
1743278597384901376
1743278597418234624
1743278597451568128
1743278597451568128
1743278597484901376
1743278597518234880
1743278597518234880
1743278597551568384
1743278597584901632
1743278597584901632
1743278597618235136
1743278597651568384
1743278597651568384
1743278597684901888
1743278597718235136
1743278597718235136
1743278597751606784
1743278597784940288
1743278597784940288
1743278597818273536
1743278597851607040
1743278597851607040
1743278597884940032
1743278597918273792
1743278597918273792
1743278597951607296
1743278597984940544
1743278597984940544
1743278598018274304
1743278598051607040
1743278598051607040
1743278598084940800
1743278598118274560
1743278598118274560
1743278598151607808
1743278598184941312
1743278598184941312
1743278598218274304
1743278598251654400
1743278598251654400
1743278598284987904
1743278598318320896
1743278598318320896
1743278598351654656
1743278598384987904
1743278598384987904
1743278598418321408
1743278598451655168
1743278598451655168
1743278598484988160
1743278598518321664
1743278598518321664
1743278598551655168
1743278598584988672
1743278598584988672
1743278598618322176
1743278598651655168
1743278598651655168
1743278598684988672
1743278598718321920
1743278598718321920
1743278598751669504
1743278598785002752
1743278598785002752
1743278598818336256
1743278598851669760
1743278598851669760
1743278598885002752
1743278598918336512
1743278598918336512
1743278598951669760
1743278598985003264
1743278598985003264
1743278599018336768
1743278599051670016
1743278599051670016
1743278599085003264
1743278599118336768
1743278599118336768
1743278599151670272
1743278599185003776
1743278599185003776
1743278599218337024
1743278599251721728
1743278599251721728
1743278599285054976
1743278599318388480
1743278599318388480
1743278599351721984
1743278599385055232
1743278599385055232
