1743518882.57789,-0.0017102116253227,0.00175014964770526,-0.0034824307076633
1743518882.58363,-0.00520086986944079,-0.00174050882924348,8.22767106001265e-06
1743518882.5894,-0.00694619910791516,4.82044697491801e-06,-0.0034824307076633
1743518882.59519,-0.00345554086379707,4.82044697491801e-06,8.22767106001265e-06
1743518882.60102,-0.00345554086379707,4.82044697491801e-06,8.22767106001265e-06
1743518882.60688,-0.0017102116253227,-0.0052311671897769,8.22767106001265e-06
1743518882.61277,-0.00345554086379707,0.00175014964770526,-0.00522775994613767
1743518882.61868,-0.00694619910791516,4.82044697491801e-06,0.00175355689134449
1743518882.62463,-0.0017102116253227,-0.00174050882924348,8.22767106001265e-06
1743518882.63061,-0.00520086986944079,0.00175014964770526,8.22767106001265e-06
1743518882.63662,-0.0017102116253227,4.82044697491801e-06,8.22767106001265e-06
1743518882.64265,-0.00520086986944079,-0.0052311671897769,8.22767106001265e-06
1743518882.64872,3.51176349795423e-05,4.82044697491801e-06,-0.00173710158560425
1743518882.65482,-0.00520086986944079,-0.00348583795130253,8.22767106001265e-06
1743518882.66095,-0.0017102116253227,-0.00174050882924348,0.00175355689134449
1743518882.66648,3.51176349795423e-05,4.82044697491801e-06,-0.00173710158560425
1743518882.67232,-0.00520086986944079,-0.00174050882924348,-0.00173710158560425
1743518882.67817,-0.00694619910791516,4.82044697491801e-06,8.22767106001265e-06
1743518882.68404,-0.00869152881205082,4.82044697491801e-06,8.22767106001265e-06
1743518882.68993,-0.00345554086379707,-0.00174050882924348,-0.00173710158560425
1743518882.69583,-0.00345554086379707,4.82044697491801e-06,0.00175355689134449
1743518882.70174,-0.0017102116253227,-0.00348583795130253,-0.00173710158560425
1743518882.70767,3.51176349795423e-05,4.82044697491801e-06,-0.0034824307076633
1743518882.71362,-0.00520086986944079,4.82044697491801e-06,8.22767106001265e-06
1743518882.71958,-0.0017102116253227,0.00175014964770526,0.00175355689134449
1743518882.72556,-0.00345554086379707,4.82044697491801e-06,-0.00173710158560425
1743518882.73155,-0.00520086986944079,4.82044697491801e-06,-0.00173710158560425
1743518882.73756,-0.00520086986944079,4.82044697491801e-06,-0.00173710158560425
1743518882.74358,-0.0017102116253227,4.82044697491801e-06,8.22767106001265e-06
1743518882.74962,-0.00520086986944079,4.82044697491801e-06,8.22767106001265e-06
1743518882.75568,-0.00520086986944079,-0.00174050882924348,8.22767106001265e-06
1743518882.76175,-0.0017102116253227,4.82044697491801e-06,8.22767106001265e-06
1743518882.76783,-0.00520086986944079,4.82044697491801e-06,-0.00173710158560425
1743518882.77393,-0.00345554086379707,0.00175014964770526,8.22767106001265e-06
1743518882.78004,-0.00345554086379707,4.82044697491801e-06,0.00349888624623418
1743518882.78618,3.51176349795423e-05,-0.00348583795130253,8.22767106001265e-06
1743518882.79232,-0.0017102116253227,4.82044697491801e-06,-0.0034824307076633
1743518882.79848,3.51176349795423e-05,-0.00348583795130253,8.22767106001265e-06
1743518882.80466,-0.00520086986944079,4.82044697491801e-06,-0.0034824307076633
1743518882.81085,3.51176349795423e-05,-0.00174050882924348,8.22767106001265e-06
1743518882.81706,-0.00345554086379707,4.82044697491801e-06,-0.00173710158560425
1743518882.82328,3.51176349795423e-05,4.82044697491801e-06,8.22767106001265e-06
1743518882.82952,3.51176349795423e-05,4.82044697491801e-06,-0.0034824307076633
1743518882.83578,-0.0017102116253227,0.00175014964770526,-0.00173710158560425
1743518882.84204,3.51176349795423e-05,0.00349547900259495,8.22767106001265e-06
1743518882.84833,-0.00345554086379707,-0.00174050882924348,-0.00173710158560425
1743518882.85463,3.51176349795423e-05,4.82044697491801e-06,0.00175355689134449
1743518882.86094,3.51176349795423e-05,4.82044697491801e-06,0.00175355689134449
1743518882.86727,-0.0017102116253227,4.82044697491801e-06,8.22767106001265e-06
1743518882.87362,3.51176349795423e-05,4.82044697491801e-06,8.22767106001265e-06
1743518882.87998,-0.00694619910791516,4.82044697491801e-06,8.22767106001265e-06
1743518882.88636,-0.0017102116253227,4.82044697491801e-06,8.22767106001265e-06
1743518882.89275,-0.00345554086379707,4.82044697491801e-06,8.22767106001265e-06
1743518882.89916,3.51176349795423e-05,4.82044697491801e-06,8.22767106001265e-06
1743518882.90558,-0.00520086986944079,-0.0052311671897769,8.22767106001265e-06
1743518882.91202,-0.00520086986944079,-0.0052311671897769,8.22767106001265e-06
1743518882.91847,-0.00345554086379707,-0.0052311671897769,8.22767106001265e-06
1743518882.92494,-0.00520086986944079,0.00175014964770526,8.22767106001265e-06
1743518882.93142,-0.00694619910791516,-0.00174050882924348,-0.00173710158560425
1743518882.93792,-0.0017102116253227,-0.00348583795130253,8.22767106001265e-06
1743518882.94397,-0.00345554086379707,4.82044697491801e-06,8.22767106001265e-06
1743518882.95003,-0.00345554086379707,-0.00174050882924348,8.22767106001265e-06
1743518882.95608,-0.00345554086379707,4.82044697491801e-06,-0.0034824307076633
1743518882.96215,-0.00345554086379707,4.82044697491801e-06,8.22767106001265e-06
1743518882.96821,-0.00520086986944079,4.82044697491801e-06,8.22767106001265e-06
1743518882.97428,-0.00520086986944079,4.82044697491801e-06,-0.0034824307076633
1743518882.98036,-0.00345554086379707,0.00175014964770526,-0.00173710158560425
1743518882.98644,-0.00345554086379707,-0.00348583795130253,0.00175355689134449
1743518882.99252,-0.0017102116253227,4.82044697491801e-06,8.22767106001265e-06
1743518882.99861,-0.00345554086379707,-0.00697649642825127,8.22767106001265e-06
1743518883.0047,-0.0017102116253227,4.82044697491801e-06,8.22767106001265e-06
1743518883.01079,-0.00345554086379707,-0.00174050882924348,0.00175355689134449
1743518883.01689,-0.00694619910791516,4.82044697491801e-06,-0.00173710158560425
1743518883.02299,-0.0017102116253227,4.82044697491801e-06,8.22767106001265e-06
1743518883.0291,-0.00520086986944079,0.00349547900259495,-0.00173710158560425
1743518883.03521,-0.00520086986944079,-0.00174050882924348,8.22767106001265e-06
1743518883.04133,-0.00520086986944079,-0.00174050882924348,8.22767106001265e-06
1743518883.04745,3.51176349795423e-05,4.82044697491801e-06,-0.00173710158560425
1743518883.05357,-0.00345554086379707,4.82044697491801e-06,-0.0034824307076633
1743518883.0597,-0.00345554086379707,-0.00174050882924348,0.00175355689134449
1743518883.06583,-0.00520086986944079,4.82044697491801e-06,-0.00173710158560425
1743518883.07197,-0.0017102116253227,-0.00174050882924348,0.00175355689134449
1743518883.07811,-0.00520086986944079,4.82044697491801e-06,8.22767106001265e-06
1743518883.08425,-0.0017102116253227,-0.00174050882924348,8.22767106001265e-06
1743518883.0904,3.51176349795423e-05,4.82044697491801e-06,0.00175355689134449
1743518883.09655,3.51176349795423e-05,4.82044697491801e-06,8.22767106001265e-06
1743518883.10271,3.51176349795423e-05,-0.00174050882924348,-0.00173710158560425
1743518883.10887,-0.0017102116253227,0.00349547900259495,-0.00522775994613767
1743518883.11503,-0.00345554086379707,0.00175014964770526,8.22767106001265e-06
1743518883.1212,-0.00345554086379707,-0.00174050882924348,-0.0034824307076633
1743518883.12738,-0.0017102116253227,0.00349547900259495,-0.0034824307076633
1743518883.13355,-0.00345554086379707,4.82044697491801e-06,-0.00173710158560425
1743518883.13933,-0.00345554086379707,-0.00174050882924348,8.22767106001265e-06
1743518883.14511,3.51176349795423e-05,-0.00174050882924348,8.22767106001265e-06
1743518883.15088,3.51176349795423e-05,4.82044697491801e-06,8.22767106001265e-06
1743518883.15665,-0.00520086986944079,4.82044697491801e-06,8.22767106001265e-06
1743518883.16241,3.51176349795423e-05,-0.0052311671897769,0.00175355689134449
1743518883.16817,-0.00345554086379707,4.82044697491801e-06,-0.00173710158560425
1743518883.17393,-0.00520086986944079,-0.00174050882924348,8.22767106001265e-06
1743518883.17968,-0.00520086986944079,4.82044697491801e-06,8.22767106001265e-06
1743518883.18543,-0.0017102116253227,-0.00174050882924348,8.22767106001265e-06
1743518883.19118,-0.00345554086379707,4.82044697491801e-06,8.22767106001265e-06
1743518883.19692,-0.00345554086379707,0.00349547900259495,8.22767106001265e-06
1743518883.20266,-0.00520086986944079,0.00175014964770526,-0.00173710158560425
1743518883.2084,-0.0017102116253227,4.82044697491801e-06,8.22767106001265e-06
1743518883.21413,-0.00520086986944079,4.82044697491801e-06,8.22767106001265e-06
1743518883.21986,-0.0017102116253227,0.00175014964770526,-0.0034824307076633
1743518883.22558,-0.00345554086379707,-0.00174050882924348,8.22767106001265e-06
1743518883.2313,-0.00345554086379707,0.00349547900259495,8.22767106001265e-06
1743518883.23702,-0.00345554086379707,4.82044697491801e-06,8.22767106001265e-06
1743518883.24274,3.51176349795423e-05,-0.00174050882924348,8.22767106001265e-06
1743518883.24845,-0.00345554086379707,4.82044697491801e-06,8.22767106001265e-06
1743518883.25401,-0.00520086986944079,-0.00174050882924348,8.22767106001265e-06
1743518883.25957,3.51176349795423e-05,0.00175014964770526,8.22767106001265e-06
1743518883.26513,-0.00345554086379707,4.82044697491801e-06,-0.00173710158560425
1743518883.27068,-0.00345554086379707,4.82044697491801e-06,-0.0034824307076633
1743518883.27622,-0.00345554086379707,-0.00348583795130253,0.00175355689134449
1743518883.28176,-0.00520086986944079,-0.00174050882924348,-0.00173710158560425
1743518883.28729,-0.00345554086379707,-0.00348583795130253,8.22767106001265e-06
1743518883.29281,-0.00694619910791516,-0.00174050882924348,0.00349888624623418
1743518883.29833,-0.00345554086379707,0.00175014964770526,8.22767106001265e-06
1743518883.30385,-0.00694619910791516,0.00524080824106932,8.22767106001265e-06
1743518883.30935,-0.00345554086379707,0.00524080824106932,8.22767106001265e-06
1743518883.31486,3.51176349795423e-05,4.82044697491801e-06,8.22767106001265e-06
1743518883.32035,-0.00345554086379707,-0.00174050882924348,-0.00173710158560425
1743518883.32584,-0.00520086986944079,-0.00348583795130253,-0.00173710158560425
1743518883.33132,-0.00520086986944079,-0.00348583795130253,8.22767106001265e-06
1743518883.3368,-0.00345554086379707,-0.00174050882924348,0.00175355689134449
1743518883.34227,-0.00520086986944079,4.82044697491801e-06,8.22767106001265e-06
1743518883.34774,3.51176349795423e-05,0.00524080824106932,-0.0034824307076633
1743518883.3532,-0.0017102116253227,0.00175014964770526,-0.00173710158560425
1743518883.35865,-0.0017102116253227,4.82044697491801e-06,8.22767106001265e-06
1743518883.3641,-0.00345554086379707,0.00524080824106932,-0.00173710158560425
1743518883.36951,-0.00345554086379707,4.82044697491801e-06,8.22767106001265e-06
1743518883.37491,-0.0017102116253227,-0.0052311671897769,-0.0034824307076633
1743518883.3803,-0.00520086986944079,-0.00348583795130253,8.22767106001265e-06
1743518883.38569,-0.00345554086379707,4.82044697491801e-06,8.22767106001265e-06
1743518883.39107,-0.00345554086379707,-0.00174050882924348,0.00175355689134449
1743518883.39644,3.51176349795423e-05,-0.00348583795130253,8.22767106001265e-06
1743518883.40181,-0.00520086986944079,4.82044697491801e-06,8.22767106001265e-06
1743518883.40717,-0.00520086986944079,-0.0052311671897769,8.22767106001265e-06
1743518883.41253,-0.00345554086379707,-0.00348583795130253,8.22767106001265e-06
1743518883.41787,-0.0017102116253227,-0.00174050882924348,8.22767106001265e-06
1743518883.42322,-0.00345554086379707,4.82044697491801e-06,-0.0034824307076633
1743518883.42855,-0.00520086986944079,4.82044697491801e-06,8.22767106001265e-06
1743518883.43388,-0.0017102116253227,-0.00348583795130253,-0.00173710158560425
1743518883.4392,-0.00345554086379707,-0.00348583795130253,-0.00173710158560425
1743518883.44452,-0.0017102116253227,4.82044697491801e-06,8.22767106001265e-06
1743518883.44983,3.51176349795423e-05,4.82044697491801e-06,8.22767106001265e-06
1743518883.45513,-0.0017102116253227,4.82044697491801e-06,8.22767106001265e-06
1743518883.46043,-0.00694619910791516,-0.00174050882924348,8.22767106001265e-06
1743518883.46572,-0.00520086986944079,-0.00697649642825127,8.22767106001265e-06
1743518883.471,-0.00520086986944079,4.82044697491801e-06,8.22767106001265e-06
1743518883.47628,-0.0017102116253227,4.82044697491801e-06,0.00175355689134449
1743518883.48156,-0.0017102116253227,4.82044697491801e-06,-0.0034824307076633
1743518883.48682,-0.0017102116253227,-0.00174050882924348,0.00175355689134449
1743518883.49209,-0.0017102116253227,4.82044697491801e-06,-0.00173710158560425
1743518883.49734,-0.0017102116253227,-0.0052311671897769,8.22767106001265e-06
1743518883.50259,-0.00520086986944079,-0.00348583795130253,8.22767106001265e-06
1743518883.50783,-0.00345554086379707,-0.00348583795130253,-0.00173710158560425
1743518883.51307,-0.00345554086379707,4.82044697491801e-06,8.22767106001265e-06
1743518883.5183,-0.0017102116253227,4.82044697491801e-06,-0.0034824307076633
1743518883.52352,-0.0017102116253227,4.82044697491801e-06,0.00349888624623418
1743518883.52874,-0.00520086986944079,-0.00174050882924348,-0.00173710158560425
1743518883.53395,-0.0017102116253227,-0.00174050882924348,8.22767106001265e-06
1743518883.53915,-0.0017102116253227,0.00175014964770526,-0.00173710158560425
1743518883.54434,-0.0017102116253227,4.82044697491801e-06,0.00175355689134449
1743518883.54954,-0.00520086986944079,0.00175014964770526,8.22767106001265e-06
1743518883.55472,-0.0017102116253227,-0.00174050882924348,-0.0034824307076633
1743518883.5599,-0.00345554086379707,0.00524080824106932,-0.00173710158560425
1743518883.56507,3.51176349795423e-05,0.00175014964770526,8.22767106001265e-06
1743518883.57023,-0.0017102116253227,0.00175014964770526,8.22767106001265e-06
1743518883.57539,-0.0017102116253227,4.82044697491801e-06,-0.00173710158560425
1743518883.58057,-0.00345554086379707,-0.00174050882924348,-0.0034824307076633
1743518883.58574,-0.00345554086379707,4.82044697491801e-06,8.22767106001265e-06
1743518883.5909,-0.00694619910791516,-0.00174050882924348,8.22767106001265e-06
1743518883.59606,-0.00345554086379707,4.82044697491801e-06,-0.00173710158560425
1743518883.60121,-0.0017102116253227,4.82044697491801e-06,-0.0034824307076633
1743518883.60636,-0.0017102116253227,-0.00174050882924348,8.22767106001265e-06
1743518883.6115,-0.00520086986944079,-0.00174050882924348,-0.00173710158560425
1743518883.61663,3.51176349795423e-05,4.82044697491801e-06,0.00175355689134449
1743518883.62176,-0.00520086986944079,4.82044697491801e-06,-0.0034824307076633
1743518883.62688,-0.0017102116253227,4.82044697491801e-06,8.22767106001265e-06
1743518883.632,-0.00694619910791516,0.00175014964770526,8.22767106001265e-06
1743518883.63711,-0.00345554086379707,-0.00174050882924348,-0.00173710158560425
1743518883.64221,3.51176349795423e-05,-0.00174050882924348,8.22767106001265e-06
1743518883.64731,-0.00345554086379707,4.82044697491801e-06,8.22767106001265e-06
1743518883.65239,-0.00345554086379707,-0.00348583795130253,8.22767106001265e-06
1743518883.65748,-0.0017102116253227,-0.00174050882924348,8.22767106001265e-06
1743518883.66256,-0.00345554086379707,4.82044697491801e-06,8.22767106001265e-06
1743518883.66763,-0.0017102116253227,4.82044697491801e-06,8.22767106001265e-06
1743518883.67269,-0.00694619910791516,4.82044697491801e-06,8.22767106001265e-06
1743518883.67775,-0.00345554086379707,-0.00174050882924348,8.22767106001265e-06
1743518883.68282,-0.0017102116253227,0.00175014964770526,8.22767106001265e-06
1743518883.6879,-0.00345554086379707,4.82044697491801e-06,-0.00173710158560425
1743518883.69299,-0.00345554086379707,4.82044697491801e-06,8.22767106001265e-06
1743518883.69806,-0.0017102116253227,4.82044697491801e-06,8.22767106001265e-06
1743518883.70313,-0.0017102116253227,4.82044697491801e-06,8.22767106001265e-06
1743518883.70819,-0.00345554086379707,4.82044697491801e-06,8.22767106001265e-06
1743518883.71325,-0.00520086986944079,0.00175014964770526,-0.00173710158560425
1743518883.71831,0.00178044685162604,4.82044697491801e-06,8.22767106001265e-06
1743518883.72335,-0.00520086986944079,4.82044697491801e-06,8.22767106001265e-06
1743518883.72839,-0.00345554086379707,4.82044697491801e-06,8.22767106001265e-06
1743518883.73343,-0.00345554086379707,4.82044697491801e-06,8.22767106001265e-06
1743518883.73846,3.51176349795423e-05,4.82044697491801e-06,8.22767106001265e-06
1743518883.74348,-0.00520086986944079,4.82044697491801e-06,-0.00173710158560425
1743518883.7485,-0.00345554086379707,0.00175014964770526,8.22767106001265e-06
1743518883.75351,-0.00345554086379707,4.82044697491801e-06,8.22767106001265e-06
1743518883.75852,-0.0017102116253227,-0.00348583795130253,8.22767106001265e-06
1743518883.76352,-0.00520086986944079,-0.0052311671897769,0.00349888624623418
1743518883.76851,-0.0017102116253227,4.82044697491801e-06,8.22767106001265e-06
1743518883.7735,-0.0017102116253227,-0.00174050882924348,-0.00173710158560425
1743518883.77848,-0.00520086986944079,4.82044697491801e-06,8.22767106001265e-06
1743518883.78346,-0.00520086986944079,-0.00348583795130253,8.22767106001265e-06
1743518883.78848,-0.0017102116253227,-0.00174050882924348,-0.00173710158560425
1743518883.79349,-0.0017102116253227,0.00175014964770526,-0.00173710158560425
1743518883.7985,-0.0017102116253227,4.82044697491801e-06,8.22767106001265e-06
1743518883.8035,-0.0017102116253227,4.82044697491801e-06,8.22767106001265e-06
1743518883.80849,3.51176349795423e-05,4.82044697491801e-06,8.22767106001265e-06
1743518883.81348,-0.00345554086379707,4.82044697491801e-06,-0.00173710158560425
1743518883.81847,-0.0017102116253227,4.82044697491801e-06,-0.00173710158560425
1743518883.82345,-0.00520086986944079,4.82044697491801e-06,8.22767106001265e-06
1743518883.82842,-0.0017102116253227,-0.0052311671897769,-0.00173710158560425
1743518883.83339,-0.00520086986944079,4.82044697491801e-06,8.22767106001265e-06
1743518883.83836,-0.0017102116253227,0.00175014964770526,8.22767106001265e-06
1743518883.84332,-0.00345554086379707,4.82044697491801e-06,8.22767106001265e-06
1743518883.84827,-0.00345554086379707,4.82044697491801e-06,-0.00173710158560425
1743518883.85322,3.51176349795423e-05,4.82044697491801e-06,0.00175355689134449
1743518883.85816,-0.00520086986944079,4.82044697491801e-06,-0.00173710158560425
1743518883.8631,-0.00345554086379707,-0.00348583795130253,0.00349888624623418
1743518883.86803,-0.00345554086379707,0.00349547900259495,-0.0034824307076633
1743518883.87295,-0.0017102116253227,-0.0052311671897769,-0.00173710158560425
1743518883.87788,-0.00520086986944079,-0.00348583795130253,0.00175355689134449
1743518883.88279,3.51176349795423e-05,4.82044697491801e-06,-0.0034824307076633
1743518883.88775,-0.0017102116253227,-0.00174050882924348,8.22767106001265e-06
1743518883.89271,-0.00520086986944079,0.00175014964770526,8.22767106001265e-06
1743518883.89766,-0.00520086986944079,0.00349547900259495,-0.00173710158560425
1743518883.9026,-0.00345554086379707,4.82044697491801e-06,-0.00173710158560425
1743518883.90754,-0.00345554086379707,4.82044697491801e-06,8.22767106001265e-06
1743518883.91248,-0.00345554086379707,0.00175014964770526,8.22767106001265e-06
1743518883.91741,-0.00520086986944079,-0.00174050882924348,8.22767106001265e-06
1743518883.92233,-0.00520086986944079,4.82044697491801e-06,-0.00173710158560425
1743518883.92725,-0.0017102116253227,0.00175014964770526,8.22767106001265e-06
1743518883.93217,-0.00345554086379707,0.00175014964770526,8.22767106001265e-06
1743518883.93708,-0.00520086986944079,0.00175014964770526,8.22767106001265e-06
1743518883.94199,3.51176349795423e-05,4.82044697491801e-06,8.22767106001265e-06
1743518883.94689,-0.00345554086379707,0.00175014964770526,0.00175355689134449
1743518883.95178,-0.0017102116253227,0.00349547900259495,-0.00173710158560425
1743518883.95667,-0.00345554086379707,-0.00348583795130253,8.22767106001265e-06
1743518883.96156,-0.00345554086379707,-0.00348583795130253,8.22767106001265e-06
1743518883.96644,-0.00520086986944079,4.82044697491801e-06,-0.0034824307076633
1743518883.97132,-0.00520086986944079,-0.00348583795130253,8.22767106001265e-06
1743518883.97619,3.51176349795423e-05,4.82044697491801e-06,8.22767106001265e-06
1743518883.98105,-0.00345554086379707,4.82044697491801e-06,-0.00173710158560425
1743518883.98597,-0.00345554086379707,4.82044697491801e-06,-0.0034824307076633
1743518883.99088,-0.00345554086379707,0.00175014964770526,8.22767106001265e-06
1743518883.99578,-0.0017102116253227,4.82044697491801e-06,8.22767106001265e-06
1743518884.00068,-0.0017102116253227,-0.00348583795130253,0.00524421548470855
1743518884.00558,-0.00520086986944079,4.82044697491801e-06,8.22767106001265e-06
1743518884.01047,-0.0017102116253227,4.82044697491801e-06,8.22767106001265e-06
1743518884.01536,-0.00345554086379707,4.82044697491801e-06,8.22767106001265e-06
1743518884.02024,-0.00345554086379707,4.82044697491801e-06,0.00175355689134449
1743518884.02512,-0.00345554086379707,4.82044697491801e-06,8.22767106001265e-06
1743518884.02999,-0.00345554086379707,4.82044697491801e-06,-0.0034824307076633
1743518884.03486,-0.00345554086379707,4.82044697491801e-06,8.22767106001265e-06
1743518884.03972,3.51176349795423e-05,4.82044697491801e-06,8.22767106001265e-06
1743518884.04458,-0.0017102116253227,-0.00174050882924348,8.22767106001265e-06
1743518884.04944,-0.00520086986944079,4.82044697491801e-06,-0.0034824307076633
1743518884.05429,-0.00345554086379707,4.82044697491801e-06,0.00175355689134449
1743518884.05913,3.51176349795423e-05,4.82044697491801e-06,-0.00173710158560425
1743518884.06397,3.51176349795423e-05,4.82044697491801e-06,8.22767106001265e-06
1743518884.06881,-0.0017102116253227,4.82044697491801e-06,-0.00173710158560425
1743518884.07364,-0.00345554086379707,4.82044697491801e-06,8.22767106001265e-06
1743518884.07847,-0.0017102116253227,-0.00174050882924348,8.22767106001265e-06
1743518884.08329,-0.0017102116253227,4.82044697491801e-06,8.22767106001265e-06
1743518884.08817,-0.00345554086379707,4.82044697491801e-06,-0.00173710158560425
1743518884.09304,-0.00520086986944079,4.82044697491801e-06,-0.0034824307076633
1743518884.09791,-0.00345554086379707,4.82044697491801e-06,8.22767106001265e-06
1743518884.10277,-0.00345554086379707,-0.00348583795130253,8.22767106001265e-06
1743518884.10763,-0.0017102116253227,4.82044697491801e-06,8.22767106001265e-06
1743518884.11249,-0.0017102116253227,4.82044697491801e-06,-0.00173710158560425
1743518884.11734,3.51176349795423e-05,0.00175014964770526,0.00175355689134449
1743518884.12219,-0.00345554086379707,-0.00174050882924348,-0.00173710158560425
1743518884.12703,-0.00520086986944079,-0.00174050882924348,-0.00173710158560425
1743518884.13187,-0.00520086986944079,-0.00174050882924348,8.22767106001265e-06
1743518884.1367,3.51176349795423e-05,-0.00348583795130253,8.22767106001265e-06
1743518884.14153,-0.0017102116253227,4.82044697491801e-06,-0.00173710158560425
1743518884.14636,-0.0017102116253227,4.82044697491801e-06,8.22767106001265e-06
1743518884.15118,-0.00345554086379707,4.82044697491801e-06,-0.0034824307076633
1743518884.156,-0.0017102116253227,4.82044697491801e-06,-0.00173710158560425
1743518884.16081,-0.0017102116253227,-0.00348583795130253,-0.00173710158560425
1743518884.16562,-0.00345554086379707,-0.00174050882924348,8.22767106001265e-06
1743518884.17043,-0.00345554086379707,-0.00174050882924348,-0.00173710158560425
1743518884.17523,-0.0017102116253227,4.82044697491801e-06,-0.0034824307076633
1743518884.18003,-0.00520086986944079,4.82044697491801e-06,0.00175355689134449
1743518884.18487,-0.00345554086379707,-0.00174050882924348,-0.00173710158560425
1743518884.18972,-0.0017102116253227,-0.00174050882924348,0.00175355689134449
1743518884.19456,-0.0017102116253227,4.82044697491801e-06,8.22767106001265e-06
1743518884.1994,-0.00345554086379707,4.82044697491801e-06,8.22767106001265e-06
1743518884.20423,-0.0017102116253227,4.82044697491801e-06,0.00175355689134449
1743518884.20906,-0.0017102116253227,0.00175014964770526,-0.0034824307076633
1743518884.21388,-0.00345554086379707,4.82044697491801e-06,0.00349888624623418
1743518884.2187,-0.0017102116253227,4.82044697491801e-06,-0.00173710158560425
1743518884.22352,-0.00345554086379707,4.82044697491801e-06,8.22767106001265e-06
1743518884.22833,3.51176349795423e-05,-0.00174050882924348,-0.00173710158560425
1743518884.23314,-0.00345554086379707,4.82044697491801e-06,8.22767106001265e-06
1743518884.23795,-0.0017102116253227,4.82044697491801e-06,-0.00173710158560425
1743518884.24275,-0.0017102116253227,4.82044697491801e-06,8.22767106001265e-06
1743518884.24755,-0.00345554086379707,4.82044697491801e-06,-0.00173710158560425
1743518884.25235,-0.00345554086379707,4.82044697491801e-06,-0.00173710158560425
1743518884.25714,-0.00520086986944079,4.82044697491801e-06,8.22767106001265e-06
1743518884.26192,-0.0017102116253227,-0.00174050882924348,-0.00173710158560425
1743518884.26671,-0.00869152881205082,-0.00174050882924348,8.22767106001265e-06
1743518884.27149,0.00178044685162604,4.82044697491801e-06,8.22767106001265e-06
1743518884.27626,-0.00520086986944079,4.82044697491801e-06,8.22767106001265e-06
1743518884.28104,-0.0017102116253227,0.00175014964770526,-0.00173710158560425
1743518884.28581,-0.00345554086379707,0.00349547900259495,-0.00522775994613767
1743518884.29057,3.51176349795423e-05,-0.00174050882924348,8.22767106001265e-06
1743518884.29533,-0.0017102116253227,0.00349547900259495,-0.00173710158560425
1743518884.30009,-0.0017102116253227,4.82044697491801e-06,8.22767106001265e-06
1743518884.30484,-0.00345554086379707,-0.00348583795130253,8.22767106001265e-06
1743518884.30959,-0.0017102116253227,4.82044697491801e-06,8.22767106001265e-06
1743518884.31434,-0.00345554086379707,-0.00348583795130253,0.00175355689134449
1743518884.31908,-0.00520086986944079,0.00175014964770526,8.22767106001265e-06
1743518884.32382,-0.0017102116253227,4.82044697491801e-06,8.22767106001265e-06
1743518884.32856,-0.00345554086379707,4.82044697491801e-06,8.22767106001265e-06
1743518884.33329,-0.00520086986944079,4.82044697491801e-06,-0.0034824307076633
1743518884.33801,3.51176349795423e-05,4.82044697491801e-06,8.22767106001265e-06
1743518884.34274,-0.00345554086379707,-0.00174050882924348,-0.00173710158560425
1743518884.34746,-0.0017102116253227,-0.0052311671897769,0.00175355689134449
1743518884.35217,-0.00520086986944079,-0.00348583795130253,-0.00173710158560425
1743518884.35689,-0.0017102116253227,4.82044697491801e-06,0.00175355689134449
1743518884.3616,-0.0017102116253227,0.00175014964770526,8.22767106001265e-06
1743518884.3663,-0.00345554086379707,-0.00174050882924348,8.22767106001265e-06
1743518884.371,-0.00520086986944079,4.82044697491801e-06,-0.00173710158560425
1743518884.3757,-0.00345554086379707,-0.00174050882924348,-0.00173710158560425
1743518884.38039,3.51176349795423e-05,0.00175014964770526,8.22767106001265e-06
1743518884.38508,0.00178044685162604,0.00349547900259495,-0.0034824307076633
1743518884.38977,-0.00520086986944079,4.82044697491801e-06,8.22767106001265e-06
1743518884.39445,-0.00345554086379707,4.82044697491801e-06,-0.00173710158560425
1743518884.39913,-0.00345554086379707,4.82044697491801e-06,8.22767106001265e-06
1743518884.40381,-0.00520086986944079,-0.00348583795130253,0.00175355689134449
1743518884.40848,-0.00345554086379707,4.82044697491801e-06,0.00349888624623418
1743518884.41314,-0.00345554086379707,4.82044697491801e-06,-0.00173710158560425
1743518884.41781,3.51176349795423e-05,-0.00348583795130253,8.22767106001265e-06
1743518884.42247,-0.00520086986944079,4.82044697491801e-06,-0.00173710158560425
1743518884.42712,-0.00520086986944079,4.82044697491801e-06,0.00349888624623418
1743518884.43178,-0.00520086986944079,-0.00348583795130253,8.22767106001265e-06
1743518884.43642,3.51176349795423e-05,4.82044697491801e-06,-0.00173710158560425
1743518884.44107,-0.0017102116253227,4.82044697491801e-06,8.22767106001265e-06
1743518884.44571,-0.00520086986944079,-0.00348583795130253,8.22767106001265e-06
1743518884.45035,3.51176349795423e-05,0.00175014964770526,8.22767106001265e-06
1743518884.45498,-0.0017102116253227,0.00349547900259495,-0.00173710158560425
1743518884.45961,-0.00520086986944079,4.82044697491801e-06,8.22767106001265e-06
1743518884.46424,-0.0017102116253227,4.82044697491801e-06,-0.00173710158560425
1743518884.46886,-0.0017102116253227,4.82044697491801e-06,8.22767106001265e-06
1743518884.47348,-0.00520086986944079,-0.00174050882924348,-0.00173710158560425
1743518884.4781,-0.00345554086379707,4.82044697491801e-06,8.22767106001265e-06
1743518884.48271,-0.00345554086379707,4.82044697491801e-06,-0.0034824307076633
1743518884.48731,-0.00520086986944079,4.82044697491801e-06,0.00175355689134449
1743518884.49192,-0.0017102116253227,-0.00174050882924348,8.22767106001265e-06
1743518884.49652,-0.00520086986944079,-0.00174050882924348,-0.00173710158560425
1743518884.50111,-0.00345554086379707,-0.00174050882924348,8.22767106001265e-06
1743518884.50571,-0.0017102116253227,4.82044697491801e-06,-0.00173710158560425
1743518884.51029,-0.00520086986944079,-0.00174050882924348,-0.0034824307076633
1743518884.51488,-0.0017102116253227,4.82044697491801e-06,8.22767106001265e-06
1743518884.51946,-0.00345554086379707,4.82044697491801e-06,-0.00173710158560425
1743518884.52404,-0.00520086986944079,4.82044697491801e-06,8.22767106001265e-06
1743518884.52861,-0.0017102116253227,4.82044697491801e-06,8.22767106001265e-06
1743518884.53318,-0.00520086986944079,4.82044697491801e-06,8.22767106001265e-06
1743518884.53775,3.51176349795423e-05,4.82044697491801e-06,-0.00173710158560425
1743518884.54231,-0.00520086986944079,-0.00348583795130253,8.22767106001265e-06
1743518884.54687,-0.0017102116253227,4.82044697491801e-06,8.22767106001265e-06
1743518884.55142,-0.00345554086379707,-0.00174050882924348,8.22767106001265e-06
1743518884.55598,-0.0017102116253227,0.00175014964770526,-0.0034824307076633
1743518884.56052,-0.00345554086379707,4.82044697491801e-06,8.22767106001265e-06
1743518884.56507,-0.00520086986944079,0.00175014964770526,8.22767106001265e-06
1743518884.56961,-0.00520086986944079,-0.00348583795130253,-0.00173710158560425
1743518884.57414,-0.00345554086379707,-0.00174050882924348,8.22767106001265e-06
1743518884.57868,-0.0017102116253227,-0.00348583795130253,0.00349888624623418
1743518884.5832,-0.0017102116253227,4.82044697491801e-06,8.22767106001265e-06
1743518884.58773,3.51176349795423e-05,-0.00174050882924348,-0.00173710158560425
1743518884.59225,-0.0017102116253227,4.82044697491801e-06,8.22767106001265e-06
1743518884.59677,-0.00345554086379707,4.82044697491801e-06,-0.0034824307076633
1743518884.60128,-0.0017102116253227,0.00175014964770526,8.22767106001265e-06
1743518884.60579,-0.0017102116253227,4.82044697491801e-06,8.22767106001265e-06
1743518884.6103,-0.00520086986944079,4.82044697491801e-06,-0.0034824307076633
1743518884.6148,-0.00345554086379707,4.82044697491801e-06,8.22767106001265e-06
1743518884.6193,-0.00345554086379707,-0.00174050882924348,8.22767106001265e-06
1743518884.6238,-0.00345554086379707,4.82044697491801e-06,8.22767106001265e-06
1743518884.62829,-0.0017102116253227,4.82044697491801e-06,0.00175355689134449
1743518884.63277,-0.0017102116253227,0.00175014964770526,8.22767106001265e-06
1743518884.63726,-0.00694619910791516,0.00175014964770526,-0.0034824307076633
1743518884.64174,3.51176349795423e-05,4.82044697491801e-06,0.00349888624623418
1743518884.64621,-0.00345554086379707,4.82044697491801e-06,8.22767106001265e-06
1743518884.65069,3.51176349795423e-05,-0.00174050882924348,8.22767106001265e-06
1743518884.65515,-0.00345554086379707,-0.00174050882924348,8.22767106001265e-06
1743518884.65962,-0.0017102116253227,0.00175014964770526,-0.00522775994613767
1743518884.66408,-0.00520086986944079,-0.00174050882924348,8.22767106001265e-06
1743518884.66854,-0.00345554086379707,-0.00174050882924348,0.00175355689134449
1743518884.67299,-0.0017102116253227,4.82044697491801e-06,8.22767106001265e-06
1743518884.67744,-0.00345554086379707,4.82044697491801e-06,8.22767106001265e-06
1743518884.68189,-0.0017102116253227,-0.00174050882924348,8.22767106001265e-06
1743518884.68633,-0.0017102116253227,4.82044697491801e-06,-0.00173710158560425
1743518884.69077,3.51176349795423e-05,0.00349547900259495,-0.00173710158560425
1743518884.69521,-0.0017102116253227,4.82044697491801e-06,8.22767106001265e-06
1743518884.69964,-0.0017102116253227,4.82044697491801e-06,8.22767106001265e-06
1743518884.70406,-0.00345554086379707,-0.00174050882924348,8.22767106001265e-06
1743518884.70849,3.51176349795423e-05,-0.00174050882924348,8.22767106001265e-06
1743518884.71291,-0.00520086986944079,4.82044697491801e-06,-0.0034824307076633
1743518884.71732,-0.0017102116253227,4.82044697491801e-06,8.22767106001265e-06
1743518884.72174,-0.00345554086379707,4.82044697491801e-06,8.22767106001265e-06
1743518884.72615,-0.00345554086379707,4.82044697491801e-06,8.22767106001265e-06
1743518884.73055,-0.00345554086379707,4.82044697491801e-06,-0.00173710158560425
1743518884.73495,-0.00345554086379707,0.00349547900259495,8.22767106001265e-06
1743518884.73935,-0.00520086986944079,4.82044697491801e-06,8.22767106001265e-06
1743518884.74374,-0.00345554086379707,4.82044697491801e-06,8.22767106001265e-06
1743518884.74813,3.51176349795423e-05,4.82044697491801e-06,0.00175355689134449
1743518884.75252,-0.0017102116253227,0.00175014964770526,8.22767106001265e-06
1743518884.7569,-0.00345554086379707,0.00349547900259495,8.22767106001265e-06
1743518884.76128,-0.00694619910791516,4.82044697491801e-06,8.22767106001265e-06
1743518884.76566,-0.0017102116253227,0.00175014964770526,8.22767106001265e-06
1743518884.77003,-0.0017102116253227,4.82044697491801e-06,8.22767106001265e-06
1743518884.77439,-0.0017102116253227,-0.00348583795130253,8.22767106001265e-06
1743518884.77876,-0.0017102116253227,4.82044697491801e-06,-0.0034824307076633
1743518884.78312,-0.00345554086379707,4.82044697491801e-06,0.00175355689134449
1743518884.78747,3.51176349795423e-05,4.82044697491801e-06,8.22767106001265e-06
1743518884.79183,-0.00345554086379707,4.82044697491801e-06,8.22767106001265e-06
1743518884.79618,-0.0017102116253227,4.82044697491801e-06,-0.0034824307076633
1743518884.80052,-0.0017102116253227,0.00349547900259495,8.22767106001265e-06
1743518884.80486,-0.00520086986944079,0.00349547900259495,-0.0034824307076633
1743518884.8092,-0.0017102116253227,4.82044697491801e-06,-0.0034824307076633
1743518884.81353,-0.00694619910791516,0.00175014964770526,8.22767106001265e-06
1743518884.81786,-0.00520086986944079,-0.00174050882924348,-0.0034824307076633
1743518884.82219,-0.00520086986944079,4.82044697491801e-06,0.00175355689134449
1743518884.82651,-0.00520086986944079,4.82044697491801e-06,-0.00173710158560425
1743518884.83083,-0.0017102116253227,4.82044697491801e-06,8.22767106001265e-06
1743518884.83515,-0.0017102116253227,4.82044697491801e-06,8.22767106001265e-06
1743518884.83946,-0.00345554086379707,4.82044697491801e-06,8.22767106001265e-06
1743518884.84377,-0.0017102116253227,4.82044697491801e-06,8.22767106001265e-06
1743518884.84807,3.51176349795423e-05,4.82044697491801e-06,-0.00173710158560425
1743518884.85237,-0.00345554086379707,-0.00348583795130253,8.22767106001265e-06
1743518884.85667,-0.00520086986944079,-0.00697649642825127,0.00175355689134449
1743518884.86096,-0.00345554086379707,-0.00174050882924348,8.22767106001265e-06
1743518884.86525,-0.00345554086379707,-0.00348583795130253,8.22767106001265e-06
1743518884.86953,-0.00345554086379707,-0.00348583795130253,-0.00173710158560425
1743518884.87381,-0.00345554086379707,4.82044697491801e-06,8.22767106001265e-06
1743518884.87809,-0.00345554086379707,0.00349547900259495,-0.0034824307076633
1743518884.88236,-0.00345554086379707,-0.00174050882924348,8.22767106001265e-06
1743518884.88664,-0.00520086986944079,0.00175014964770526,8.22767106001265e-06
1743518884.8909,3.51176349795423e-05,4.82044697491801e-06,0.00175355689134449
1743518884.89516,-0.0017102116253227,4.82044697491801e-06,8.22767106001265e-06
1743518884.89942,-0.00520086986944079,4.82044697491801e-06,8.22767106001265e-06
1743518884.90368,-0.0017102116253227,0.00175014964770526,8.22767106001265e-06
1743518884.90793,3.51176349795423e-05,0.00175014964770526,8.22767106001265e-06
1743518884.91218,3.51176349795423e-05,4.82044697491801e-06,8.22767106001265e-06
1743518884.91642,-0.0017102116253227,0.00175014964770526,8.22767106001265e-06
1743518884.92066,-0.00345554086379707,0.00175014964770526,8.22767106001265e-06
1743518884.9249,3.51176349795423e-05,0.00175014964770526,8.22767106001265e-06
1743518884.92913,-0.00345554086379707,4.82044697491801e-06,8.22767106001265e-06
1743518884.93336,-0.00345554086379707,-0.00174050882924348,8.22767106001265e-06
1743518884.93758,-0.0017102116253227,0.00175014964770526,8.22767106001265e-06
1743518884.9418,3.51176349795423e-05,-0.00174050882924348,8.22767106001265e-06
1743518884.94602,-0.0017102116253227,4.82044697491801e-06,8.22767106001265e-06
1743518884.95024,3.51176349795423e-05,4.82044697491801e-06,-0.00173710158560425
1743518884.95445,-0.0017102116253227,4.82044697491801e-06,8.22767106001265e-06
1743518884.95865,-0.00345554086379707,-0.00174050882924348,8.22767106001265e-06
1743518884.96285,-0.0017102116253227,-0.00174050882924348,0.00175355689134449
1743518884.96705,-0.00345554086379707,0.00175014964770526,8.22767106001265e-06
1743518884.97125,-0.00520086986944079,0.00524080824106932,8.22767106001265e-06
1743518884.97544,3.51176349795423e-05,0.00349547900259495,-0.00173710158560425
1743518884.97963,3.51176349795423e-05,4.82044697491801e-06,-0.00173710158560425
1743518884.98381,-0.00520086986944079,-0.00348583795130253,-0.00173710158560425
1743518884.98799,-0.00345554086379707,-0.00348583795130253,8.22767106001265e-06
1743518884.99217,-0.0017102116253227,4.82044697491801e-06,8.22767106001265e-06
1743518884.99634,-0.00345554086379707,-0.00348583795130253,8.22767106001265e-06
1743518885.00051,-0.0017102116253227,4.82044697491801e-06,-0.00173710158560425
1743518885.00467,3.51176349795423e-05,4.82044697491801e-06,8.22767106001265e-06
1743518885.00884,3.51176349795423e-05,4.82044697491801e-06,8.22767106001265e-06
1743518885.01299,3.51176349795423e-05,-0.00174050882924348,8.22767106001265e-06
1743518885.01715,-0.00345554086379707,0.00175014964770526,8.22767106001265e-06
1743518885.0213,-0.00694619910791516,4.82044697491801e-06,8.22767106001265e-06
1743518885.02544,-0.00520086986944079,4.82044697491801e-06,8.22767106001265e-06
1743518885.02959,-0.0017102116253227,-0.0052311671897769,0.00175355689134449
1743518885.03372,-0.0017102116253227,0.00175014964770526,8.22767106001265e-06
1743518885.03786,-0.00520086986944079,4.82044697491801e-06,8.22767106001265e-06
1743518885.04199,-0.00520086986944079,-0.00174050882924348,8.22767106001265e-06
1743518885.04612,-0.00520086986944079,4.82044697491801e-06,-0.00173710158560425
1743518885.05024,3.51176349795423e-05,4.82044697491801e-06,8.22767106001265e-06
1743518885.05436,-0.00694619910791516,-0.00174050882924348,8.22767106001265e-06
1743518885.05848,-0.00345554086379707,-0.00174050882924348,8.22767106001265e-06
1743518885.06259,-0.00520086986944079,4.82044697491801e-06,8.22767106001265e-06
1743518885.0667,3.51176349795423e-05,4.82044697491801e-06,-0.0034824307076633
1743518885.07081,-0.00345554086379707,-0.00174050882924348,8.22767106001265e-06
1743518885.07497,-0.00345554086379707,4.82044697491801e-06,8.22767106001265e-06
1743518885.08073,3.51176349795423e-05,4.82044697491801e-06,8.22767106001265e-06
1743518885.08572,-0.00345554086379707,4.82044697491801e-06,8.22767106001265e-06
1743518885.09071,3.51176349795423e-05,4.82044697491801e-06,8.22767106001265e-06
1743518885.09571,-0.0017102116253227,-0.00348583795130253,0.00175355689134449
1743518885.1007,-0.00520086986944079,4.82044697491801e-06,8.22767106001265e-06
1743518885.10569,-0.00345554086379707,4.82044697491801e-06,8.22767106001265e-06
1743518885.11069,-0.00345554086379707,4.82044697491801e-06,8.22767106001265e-06
1743518885.11568,-0.00345554086379707,4.82044697491801e-06,8.22767106001265e-06
1743518885.12067,-0.00345554086379707,-0.00174050882924348,8.22767106001265e-06
1743518885.12566,-0.0017102116253227,4.82044697491801e-06,8.22767106001265e-06
1743518885.13066,-0.00345554086379707,-0.00697649642825127,-0.00173710158560425
1743518885.13565,-0.00520086986944079,4.82044697491801e-06,8.22767106001265e-06
1743518885.14064,3.51176349795423e-05,-0.0052311671897769,8.22767106001265e-06
1743518885.14564,-0.00694619910791516,-0.00174050882924348,8.22767106001265e-06
1743518885.15063,-0.00345554086379707,4.82044697491801e-06,-0.00173710158560425
1743518885.15562,-0.00520086986944079,-0.00174050882924348,0.00175355689134449
1743518885.16061,-0.0017102116253227,-0.00174050882924348,-0.00173710158560425
1743518885.16561,-0.00345554086379707,-0.00348583795130253,0.00175355689134449
1743518885.1706,-0.0017102116253227,4.82044697491801e-06,8.22767106001265e-06
1743518885.17559,-0.0017102116253227,-0.00348583795130253,0.00175355689134449
1743518885.18058,-0.00345554086379707,4.82044697491801e-06,8.22767106001265e-06
1743518885.18557,-0.00345554086379707,4.82044697491801e-06,8.22767106001265e-06
1743518885.19057,-0.0017102116253227,4.82044697491801e-06,-0.00173710158560425
1743518885.19556,-0.00345554086379707,0.00175014964770526,8.22767106001265e-06
1743518885.20055,-0.00345554086379707,4.82044697491801e-06,8.22767106001265e-06
1743518885.20554,-0.00520086986944079,4.82044697491801e-06,8.22767106001265e-06
1743518885.21053,-0.0017102116253227,-0.00174050882924348,0.00175355689134449
1743518885.21553,-0.00520086986944079,4.82044697491801e-06,8.22767106001265e-06
1743518885.22052,-0.0017102116253227,0.00175014964770526,8.22767106001265e-06
1743518885.22551,3.51176349795423e-05,4.82044697491801e-06,-0.0034824307076633
1743518885.2305,-0.00345554086379707,0.00349547900259495,8.22767106001265e-06
1743518885.23549,3.51176349795423e-05,0.00349547900259495,8.22767106001265e-06
1743518885.24048,-0.0017102116253227,0.00175014964770526,8.22767106001265e-06
1743518885.24548,3.51176349795423e-05,-0.00348583795130253,-0.0034824307076633
1743518885.25047,-0.00694619910791516,-0.00697649642825127,8.22767106001265e-06
1743518885.25546,-0.0017102116253227,0.00349547900259495,-0.00173710158560425
1743518885.26045,-0.00345554086379707,-0.00174050882924348,-0.00173710158560425
1743518885.26544,-0.0017102116253227,-0.00348583795130253,8.22767106001265e-06
1743518885.27043,-0.00345554086379707,4.82044697491801e-06,-0.00173710158560425
1743518885.27542,-0.0017102116253227,0.00349547900259495,8.22767106001265e-06
1743518885.28041,-0.00520086986944079,4.82044697491801e-06,0.00175355689134449
1743518885.2854,-0.0017102116253227,-0.00174050882924348,8.22767106001265e-06
1743518885.29039,-0.0017102116253227,4.82044697491801e-06,-0.00173710158560425
1743518885.29539,-0.00345554086379707,-0.00174050882924348,0.00175355689134449
1743518885.30038,-0.0017102116253227,4.82044697491801e-06,8.22767106001265e-06
1743518885.30537,-0.0017102116253227,4.82044697491801e-06,8.22767106001265e-06
1743518885.31036,3.51176349795423e-05,-0.00174050882924348,0.00175355689134449
1743518885.31535,-0.00520086986944079,4.82044697491801e-06,-0.00173710158560425
1743518885.32034,-0.0017102116253227,4.82044697491801e-06,-0.0034824307076633
1743518885.32533,-0.0017102116253227,4.82044697491801e-06,0.00175355689134449
1743518885.33032,-0.00345554086379707,0.00524080824106932,-0.0034824307076633
1743518885.33531,-0.0017102116253227,4.82044697491801e-06,0.00175355689134449
1743518885.3403,-0.00345554086379707,4.82044697491801e-06,8.22767106001265e-06
1743518885.34529,-0.0017102116253227,4.82044697491801e-06,8.22767106001265e-06
1743518885.35028,-0.00520086986944079,0.00175014964770526,-0.0034824307076633
1743518885.35527,3.51176349795423e-05,0.00175014964770526,8.22767106001265e-06
1743518885.36026,-0.0017102116253227,0.00349547900259495,8.22767106001265e-06
1743518885.36525,-0.0017102116253227,4.82044697491801e-06,-0.0034824307076633
1743518885.37024,-0.00520086986944079,-0.00174050882924348,-0.00173710158560425
1743518885.37523,-0.0017102116253227,4.82044697491801e-06,-0.0034824307076633
1743518885.38022,-0.00520086986944079,0.00349547900259495,0.00175355689134449
1743518885.38521,-0.00345554086379707,0.00349547900259495,8.22767106001265e-06
1743518885.3902,-0.00345554086379707,0.00175014964770526,8.22767106001265e-06
1743518885.39519,3.51176349795423e-05,0.00175014964770526,-0.00173710158560425
1743518885.40018,3.51176349795423e-05,0.00524080824106932,-0.0034824307076633
1743518885.40516,-0.0017102116253227,-0.00174050882924348,0.00175355689134449
1743518885.41015,-0.0017102116253227,0.00175014964770526,8.22767106001265e-06
1743518885.41514,-0.00345554086379707,0.00175014964770526,-0.0034824307076633
1743518885.42013,-0.0017102116253227,4.82044697491801e-06,8.22767106001265e-06
1743518885.42512,-0.00520086986944079,-0.00174050882924348,8.22767106001265e-06
1743518885.43011,-0.00520086986944079,-0.00348583795130253,-0.00522775994613767
1743518885.4351,-0.0017102116253227,-0.00174050882924348,8.22767106001265e-06
1743518885.44009,-0.00345554086379707,4.82044697491801e-06,8.22767106001265e-06
1743518885.44508,3.51176349795423e-05,4.82044697491801e-06,8.22767106001265e-06
1743518885.45006,-0.00520086986944079,4.82044697491801e-06,8.22767106001265e-06
1743518885.45505,-0.0017102116253227,-0.00174050882924348,0.00175355689134449
1743518885.46004,-0.00520086986944079,4.82044697491801e-06,8.22767106001265e-06
1743518885.46503,-0.0017102116253227,4.82044697491801e-06,8.22767106001265e-06
1743518885.47002,-0.0017102116253227,4.82044697491801e-06,8.22767106001265e-06
1743518885.47501,3.51176349795423e-05,4.82044697491801e-06,8.22767106001265e-06
1743518885.48,-0.00520086986944079,-0.00174050882924348,-0.00173710158560425
1743518885.48498,-0.00520086986944079,-0.0052311671897769,8.22767106001265e-06
1743518885.48997,-0.0017102116253227,-0.00174050882924348,0.00175355689134449
1743518885.49496,-0.0017102116253227,0.00175014964770526,8.22767106001265e-06
1743518885.49995,-0.0017102116253227,-0.0052311671897769,8.22767106001265e-06
1743518885.50494,-0.00345554086379707,0.00175014964770526,-0.0034824307076633
1743518885.50992,-0.00520086986944079,4.82044697491801e-06,-0.0034824307076633
1743518885.51491,-0.0017102116253227,4.82044697491801e-06,8.22767106001265e-06
1743518885.5199,-0.00345554086379707,0.00175014964770526,8.22767106001265e-06
1743518885.52489,3.51176349795423e-05,4.82044697491801e-06,-0.00173710158560425
1743518885.52988,-0.00520086986944079,4.82044697491801e-06,-0.00522775994613767
1743518885.53486,-0.00345554086379707,0.00349547900259495,8.22767106001265e-06
1743518885.53985,-0.0017102116253227,0.00175014964770526,8.22767106001265e-06
1743518885.54484,-0.0017102116253227,4.82044697491801e-06,8.22767106001265e-06
1743518885.54982,-0.00345554086379707,4.82044697491801e-06,8.22767106001265e-06
1743518885.55481,-0.0017102116253227,-0.00348583795130253,8.22767106001265e-06
1743518885.5598,3.51176349795423e-05,4.82044697491801e-06,-0.00173710158560425
1743518885.56479,-0.00345554086379707,0.00349547900259495,8.22767106001265e-06
1743518885.56977,-0.0017102116253227,4.82044697491801e-06,-0.00173710158560425
1743518885.57476,-0.0017102116253227,0.00349547900259495,8.22767106001265e-06
1743518885.57975,-0.0017102116253227,4.82044697491801e-06,8.22767106001265e-06
1743518885.58473,-0.0017102116253227,-0.00174050882924348,8.22767106001265e-06
1743518885.58972,-0.00345554086379707,4.82044697491801e-06,8.22767106001265e-06
1743518885.59471,-0.00345554086379707,4.82044697491801e-06,-0.0034824307076633
1743518885.5997,-0.0017102116253227,0.00349547900259495,8.22767106001265e-06
1743518885.60468,3.51176349795423e-05,4.82044697491801e-06,0.00349888624623418
1743518885.60967,-0.0017102116253227,4.82044697491801e-06,-0.00173710158560425
1743518885.61465,-0.0017102116253227,4.82044697491801e-06,8.22767106001265e-06
1743518885.61964,3.51176349795423e-05,0.00175014964770526,8.22767106001265e-06
1743518885.62463,3.51176349795423e-05,4.82044697491801e-06,-0.00173710158560425
1743518885.62961,-0.00345554086379707,-0.00174050882924348,-0.00173710158560425
1743518885.6346,-0.0017102116253227,-0.00348583795130253,8.22767106001265e-06
1743518885.63959,-0.00520086986944079,-0.00174050882924348,8.22767106001265e-06
1743518885.64457,3.51176349795423e-05,4.82044697491801e-06,8.22767106001265e-06
1743518885.64956,3.51176349795423e-05,4.82044697491801e-06,8.22767106001265e-06
1743518885.65454,-0.00345554086379707,0.00349547900259495,8.22767106001265e-06
1743518885.65953,-0.00345554086379707,-0.00348583795130253,-0.00697308918461204
1743518885.66452,-0.0017102116253227,-0.0052311671897769,8.22767106001265e-06
1743518885.6695,-0.00520086986944079,0.00175014964770526,-0.00173710158560425
1743518885.67449,-0.00345554086379707,-0.00348583795130253,8.22767106001265e-06
1743518885.67947,3.51176349795423e-05,-0.00348583795130253,8.22767106001265e-06
1743518885.68446,-0.00345554086379707,4.82044697491801e-06,-0.00173710158560425
1743518885.68944,-0.0017102116253227,0.00175014964770526,-0.00173710158560425
1743518885.69443,-0.00345554086379707,4.82044697491801e-06,8.22767106001265e-06
1743518885.69942,-0.00520086986944079,4.82044697491801e-06,8.22767106001265e-06
1743518885.7044,-0.0017102116253227,-0.00348583795130253,8.22767106001265e-06
1743518885.70939,-0.00345554086379707,4.82044697491801e-06,8.22767106001265e-06
1743518885.71437,-0.00345554086379707,4.82044697491801e-06,0.00175355689134449
1743518885.71936,-0.00520086986944079,-0.00348583795130253,8.22767106001265e-06
1743518885.72434,-0.00345554086379707,4.82044697491801e-06,-0.00173710158560425
1743518885.72933,-0.00345554086379707,4.82044697491801e-06,8.22767106001265e-06
1743518885.73431,-0.00345554086379707,4.82044697491801e-06,-0.00173710158560425
1743518885.7393,-0.0017102116253227,4.82044697491801e-06,8.22767106001265e-06
1743518885.74428,-0.00345554086379707,0.00175014964770526,-0.00173710158560425
1743518885.74927,3.51176349795423e-05,-0.00174050882924348,8.22767106001265e-06
1743518885.75425,-0.00520086986944079,0.00175014964770526,8.22767106001265e-06
1743518885.75924,-0.0017102116253227,0.00175014964770526,8.22767106001265e-06
1743518885.76422,3.51176349795423e-05,0.00175014964770526,8.22767106001265e-06
1743518885.7692,-0.00345554086379707,-0.00174050882924348,8.22767106001265e-06
1743518885.77419,-0.00345554086379707,-0.0052311671897769,8.22767106001265e-06
1743518885.77917,-0.0017102116253227,-0.00174050882924348,8.22767106001265e-06
1743518885.78416,-0.0017102116253227,4.82044697491801e-06,8.22767106001265e-06
1743518885.78914,-0.00345554086379707,4.82044697491801e-06,8.22767106001265e-06
1743518885.79413,-0.00520086986944079,4.82044697491801e-06,0.00175355689134449
1743518885.79911,-0.00520086986944079,-0.00174050882924348,0.00175355689134449
1743518885.80409,-0.0017102116253227,-0.00348583795130253,8.22767106001265e-06
1743518885.80908,-0.0017102116253227,0.00175014964770526,8.22767106001265e-06
1743518885.81406,-0.00520086986944079,4.82044697491801e-06,8.22767106001265e-06
1743518885.81905,-0.00520086986944079,4.82044697491801e-06,8.22767106001265e-06
1743518885.82403,-0.0017102116253227,4.82044697491801e-06,8.22767106001265e-06
1743518885.82901,-0.0017102116253227,4.82044697491801e-06,8.22767106001265e-06
1743518885.834,-0.00345554086379707,-0.00174050882924348,-0.00173710158560425
1743518885.83898,3.51176349795423e-05,-0.00348583795130253,8.22767106001265e-06
1743518885.84396,-0.00520086986944079,0.00349547900259495,-0.00173710158560425
1743518885.84895,-0.00345554086379707,0.00175014964770526,-0.00173710158560425
1743518885.85393,-0.00345554086379707,0.00175014964770526,8.22767106001265e-06
1743518885.85891,-0.00345554086379707,0.00349547900259495,-0.00173710158560425
1743518885.8639,-0.00345554086379707,4.82044697491801e-06,-0.00173710158560425
1743518885.86888,-0.00520086986944079,4.82044697491801e-06,8.22767106001265e-06
1743518885.87386,-0.00345554086379707,4.82044697491801e-06,8.22767106001265e-06
1743518885.87885,-0.00345554086379707,-0.00348583795130253,8.22767106001265e-06
1743518885.88383,-0.00345554086379707,4.82044697491801e-06,-0.00173710158560425
1743518885.88881,-0.0017102116253227,4.82044697491801e-06,-0.00173710158560425
1743518885.8938,-0.00345554086379707,0.00349547900259495,8.22767106001265e-06
1743518885.89878,3.51176349795423e-05,4.82044697491801e-06,8.22767106001265e-06
1743518885.90376,-0.00345554086379707,4.82044697491801e-06,8.22767106001265e-06
1743518885.90874,-0.00345554086379707,4.82044697491801e-06,8.22767106001265e-06
1743518885.91373,-0.00345554086379707,-0.00697649642825127,8.22767106001265e-06
1743518885.91871,-0.00345554086379707,4.82044697491801e-06,-0.00173710158560425
1743518885.92369,-0.00520086986944079,-0.00174050882924348,8.22767106001265e-06
1743518885.92867,-0.00520086986944079,-0.00348583795130253,0.00175355689134449
1743518885.93366,-0.0017102116253227,-0.00174050882924348,-0.0034824307076633
1743518885.93864,-0.0017102116253227,4.82044697491801e-06,8.22767106001265e-06
1743518885.94362,-0.00345554086379707,0.00175014964770526,-0.0034824307076633
1743518885.9486,-0.0017102116253227,4.82044697491801e-06,-0.00173710158560425
1743518885.95359,-0.00345554086379707,4.82044697491801e-06,8.22767106001265e-06
1743518885.95857,3.51176349795423e-05,4.82044697491801e-06,8.22767106001265e-06
1743518885.96355,3.51176349795423e-05,0.00175014964770526,-0.00173710158560425
1743518885.96853,-0.0017102116253227,4.82044697491801e-06,8.22767106001265e-06
1743518885.97351,-0.0017102116253227,4.82044697491801e-06,8.22767106001265e-06
1743518885.97849,-0.00345554086379707,-0.00174050882924348,-0.00173710158560425
1743518885.98348,-0.0017102116253227,4.82044697491801e-06,8.22767106001265e-06
1743518885.98846,-0.00520086986944079,0.00175014964770526,-0.0034824307076633
1743518885.99344,-0.0017102116253227,4.82044697491801e-06,8.22767106001265e-06
1743518885.99842,3.51176349795423e-05,4.82044697491801e-06,8.22767106001265e-06
1743518886.0034,-0.00520086986944079,4.82044697491801e-06,-0.00173710158560425
1743518886.00838,-0.00345554086379707,0.00175014964770526,8.22767106001265e-06
1743518886.01336,3.51176349795423e-05,4.82044697491801e-06,-0.00173710158560425
1743518886.01835,-0.0017102116253227,0.00349547900259495,8.22767106001265e-06
1743518886.02333,-0.0017102116253227,-0.00174050882924348,8.22767106001265e-06
1743518886.02831,-0.00520086986944079,4.82044697491801e-06,-0.00522775994613767
1743518886.03329,-0.00345554086379707,4.82044697491801e-06,8.22767106001265e-06
1743518886.03827,-0.00345554086379707,-0.00174050882924348,8.22767106001265e-06
1743518886.04325,-0.00520086986944079,4.82044697491801e-06,-0.00173710158560425
1743518886.04823,-0.00345554086379707,-0.00174050882924348,0.00175355689134449
1743518886.05321,-0.00345554086379707,4.82044697491801e-06,-0.0034824307076633
1743518886.05819,-0.0017102116253227,0.00175014964770526,-0.00173710158560425
1743518886.06317,-0.00520086986944079,4.82044697491801e-06,8.22767106001265e-06
1743518886.06816,-0.00694619910791516,0.00175014964770526,-0.00173710158560425
1743518886.07316,-0.0017102116253227,4.82044697491801e-06,0.00175355689134449
1743518886.07816,-0.0017102116253227,0.00175014964770526,-0.0034824307076633
1743518886.08309,3.51176349795423e-05,-0.00174050882924348,8.22767106001265e-06
1743518886.08803,-0.00520086986944079,-0.00348583795130253,-0.00522775994613767
1743518886.09296,-0.00345554086379707,4.82044697491801e-06,-0.00173710158560425
1743518886.0979,-0.0017102116253227,4.82044697491801e-06,8.22767106001265e-06
1743518886.10283,-0.0017102116253227,4.82044697491801e-06,-0.00173710158560425
1743518886.10776,-0.0017102116253227,4.82044697491801e-06,8.22767106001265e-06
1743518886.1127,-0.0017102116253227,4.82044697491801e-06,-0.00173710158560425
1743518886.11763,3.51176349795423e-05,4.82044697491801e-06,-0.00173710158560425
1743518886.12256,-0.00520086986944079,-0.00174050882924348,8.22767106001265e-06
1743518886.12749,3.51176349795423e-05,4.82044697491801e-06,0.00175355689134449
1743518886.13243,-0.00520086986944079,4.82044697491801e-06,-0.0034824307076633
1743518886.13736,-0.00345554086379707,4.82044697491801e-06,8.22767106001265e-06
1743518886.14229,-0.0017102116253227,-0.00348583795130253,8.22767106001265e-06
1743518886.14722,-0.00345554086379707,-0.00174050882924348,8.22767106001265e-06
1743518886.15215,-0.00520086986944079,0.00175014964770526,-0.00173710158560425
1743518886.15708,3.51176349795423e-05,4.82044697491801e-06,8.22767106001265e-06
1743518886.16201,-0.00345554086379707,-0.0052311671897769,8.22767106001265e-06
1743518886.16694,-0.0017102116253227,4.82044697491801e-06,8.22767106001265e-06
1743518886.17187,-0.00520086986944079,-0.00174050882924348,-0.00871841888874769
1743518886.1768,3.51176349795423e-05,-0.00348583795130253,8.22767106001265e-06
1743518886.18173,-0.00345554086379707,4.82044697491801e-06,8.22767106001265e-06
1743518886.18665,-0.00345554086379707,4.82044697491801e-06,8.22767106001265e-06
1743518886.19158,-0.0017102116253227,-0.0052311671897769,8.22767106001265e-06
1743518886.19651,-0.00345554086379707,4.82044697491801e-06,-0.00173710158560425
1743518886.20144,-0.0017102116253227,0.00175014964770526,-0.0034824307076633
1743518886.20636,-0.0017102116253227,4.82044697491801e-06,-0.00173710158560425
1743518886.21129,-0.0017102116253227,4.82044697491801e-06,8.22767106001265e-06
1743518886.21622,-0.0017102116253227,4.82044697491801e-06,-0.0034824307076633
1743518886.22114,3.51176349795423e-05,-0.00174050882924348,8.22767106001265e-06
1743518886.22607,-0.00345554086379707,4.82044697491801e-06,-0.00173710158560425
1743518886.23099,-0.0017102116253227,4.82044697491801e-06,8.22767106001265e-06
1743518886.23592,-0.0017102116253227,4.82044697491801e-06,8.22767106001265e-06
1743518886.24084,-0.0017102116253227,4.82044697491801e-06,8.22767106001265e-06
1743518886.24577,3.51176349795423e-05,4.82044697491801e-06,-0.00173710158560425
1743518886.25069,-0.00345554086379707,4.82044697491801e-06,-0.0034824307076633
1743518886.25561,-0.00520086986944079,-0.00348583795130253,8.22767106001265e-06
1743518886.26054,-0.0017102116253227,-0.00174050882924348,-0.0034824307076633
1743518886.26546,-0.00345554086379707,4.82044697491801e-06,8.22767106001265e-06
1743518886.27038,3.51176349795423e-05,0.00175014964770526,8.22767106001265e-06
1743518886.2753,-0.00345554086379707,-0.00348583795130253,8.22767106001265e-06
1743518886.28022,-0.00520086986944079,-0.00174050882924348,8.22767106001265e-06
1743518886.28514,3.51176349795423e-05,4.82044697491801e-06,-0.00173710158560425
1743518886.29007,-0.00694619910791516,4.82044697491801e-06,8.22767106001265e-06
1743518886.29499,3.51176349795423e-05,-0.00174050882924348,0.00175355689134449
1743518886.29991,-0.0017102116253227,0.00524080824106932,-0.00173710158560425
1743518886.30483,-0.0017102116253227,0.00524080824106932,8.22767106001265e-06
1743518886.30974,-0.0017102116253227,0.00175014964770526,-0.00522775994613767
1743518886.31466,-0.0017102116253227,4.82044697491801e-06,0.00175355689134449
1743518886.31958,-0.00345554086379707,4.82044697491801e-06,8.22767106001265e-06
1743518886.3245,-0.00520086986944079,-0.00174050882924348,-0.0034824307076633
1743518886.32942,-0.0017102116253227,4.82044697491801e-06,8.22767106001265e-06
1743518886.33434,-0.00520086986944079,-0.00174050882924348,8.22767106001265e-06
1743518886.33925,-0.00345554086379707,0.00175014964770526,0.00175355689134449
1743518886.34417,-0.00345554086379707,4.82044697491801e-06,-0.00173710158560425
1743518886.34909,-0.00345554086379707,0.00175014964770526,-0.0034824307076633
1743518886.354,-0.00520086986944079,-0.0052311671897769,-0.00173710158560425
1743518886.35892,-0.00345554086379707,4.82044697491801e-06,8.22767106001265e-06
1743518886.36384,-0.00520086986944079,-0.00174050882924348,8.22767106001265e-06
1743518886.36875,-0.0017102116253227,-0.00174050882924348,8.22767106001265e-06
1743518886.37367,-0.0017102116253227,4.82044697491801e-06,0.00175355689134449
1743518886.37858,-0.00520086986944079,-0.0052311671897769,0.00175355689134449
1743518886.3835,-0.0017102116253227,4.82044697491801e-06,-0.00173710158560425
1743518886.38841,-0.0017102116253227,4.82044697491801e-06,8.22767106001265e-06
1743518886.39332,-0.0017102116253227,4.82044697491801e-06,8.22767106001265e-06
1743518886.39824,-0.00345554086379707,4.82044697491801e-06,8.22767106001265e-06
1743518886.40315,-0.0017102116253227,4.82044697491801e-06,-0.00522775994613767
1743518886.40806,-0.00520086986944079,4.82044697491801e-06,8.22767106001265e-06
1743518886.41297,-0.00345554086379707,4.82044697491801e-06,-0.00173710158560425
1743518886.41789,3.51176349795423e-05,4.82044697491801e-06,-0.00173710158560425
1743518886.4228,-0.00345554086379707,0.00349547900259495,8.22767106001265e-06
1743518886.42771,-0.00345554086379707,-0.00174050882924348,-0.00173710158560425
1743518886.43262,-0.0017102116253227,-0.00174050882924348,8.22767106001265e-06
1743518886.43753,-0.00345554086379707,4.82044697491801e-06,8.22767106001265e-06
1743518886.44244,-0.00520086986944079,4.82044697491801e-06,-0.00173710158560425
1743518886.44735,-0.0017102116253227,4.82044697491801e-06,8.22767106001265e-06
1743518886.45226,-0.0017102116253227,4.82044697491801e-06,8.22767106001265e-06
1743518886.45717,3.51176349795423e-05,0.00175014964770526,8.22767106001265e-06
1743518886.46208,-0.00520086986944079,-0.00174050882924348,8.22767106001265e-06
1743518886.46698,-0.00345554086379707,4.82044697491801e-06,8.22767106001265e-06
1743518886.47189,-0.0017102116253227,4.82044697491801e-06,-0.00173710158560425
1743518886.4768,-0.00345554086379707,4.82044697491801e-06,8.22767106001265e-06
1743518886.48171,-0.0017102116253227,0.00175014964770526,8.22767106001265e-06
1743518886.48661,-0.0017102116253227,4.82044697491801e-06,8.22767106001265e-06
1743518886.49152,3.51176349795423e-05,4.82044697491801e-06,8.22767106001265e-06
1743518886.49643,-0.00345554086379707,4.82044697491801e-06,0.00175355689134449
1743518886.50133,3.51176349795423e-05,0.00175014964770526,-0.0034824307076633
1743518886.50624,-0.00345554086379707,0.00698613747954369,-0.0034824307076633
1743518886.51115,-0.0017102116253227,4.82044697491801e-06,-0.00173710158560425
1743518886.51605,3.51176349795423e-05,4.82044697491801e-06,8.22767106001265e-06
1743518886.52095,-0.0017102116253227,4.82044697491801e-06,8.22767106001265e-06
1743518886.52586,-0.00520086986944079,4.82044697491801e-06,8.22767106001265e-06
1743518886.53076,-0.0017102116253227,-0.00174050882924348,0.00175355689134449
1743518886.53567,-0.00694619910791516,-0.00348583795130253,0.00175355689134449
1743518886.54057,-0.00520086986944079,0.00175014964770526,8.22767106001265e-06
1743518886.54547,-0.00345554086379707,0.00175014964770526,-0.00173710158560425
1743518886.55037,3.51176349795423e-05,0.00175014964770526,8.22767106001265e-06
1743518886.55528,3.51176349795423e-05,4.82044697491801e-06,8.22767106001265e-06
1743518886.56018,-0.0017102116253227,4.82044697491801e-06,-0.00173710158560425
1743518886.56508,-0.0017102116253227,4.82044697491801e-06,8.22767106001265e-06
1743518886.56998,-0.00520086986944079,-0.00348583795130253,8.22767106001265e-06
1743518886.57488,-0.00520086986944079,0.00175014964770526,-0.0034824307076633
1743518886.57978,-0.00345554086379707,-0.00174050882924348,8.22767106001265e-06
1743518886.58468,-0.00345554086379707,4.82044697491801e-06,8.22767106001265e-06
1743518886.58958,-0.00345554086379707,4.82044697491801e-06,0.00175355689134449
1743518886.59448,-0.00520086986944079,4.82044697491801e-06,8.22767106001265e-06
1743518886.59938,-0.0017102116253227,4.82044697491801e-06,-0.00173710158560425
1743518886.60428,-0.0017102116253227,4.82044697491801e-06,8.22767106001265e-06
1743518886.60918,-0.00520086986944079,4.82044697491801e-06,-0.0034824307076633
1743518886.61407,-0.0017102116253227,4.82044697491801e-06,-0.00173710158560425
1743518886.61897,-0.00520086986944079,4.82044697491801e-06,8.22767106001265e-06
1743518886.62387,3.51176349795423e-05,4.82044697491801e-06,8.22767106001265e-06
1743518886.62877,-0.0017102116253227,4.82044697491801e-06,-0.00173710158560425
1743518886.63366,-0.00345554086379707,4.82044697491801e-06,8.22767106001265e-06
1743518886.63856,-0.00345554086379707,4.82044697491801e-06,-0.00173710158560425
1743518886.64346,-0.00520086986944079,4.82044697491801e-06,8.22767106001265e-06
1743518886.64835,-0.00520086986944079,-0.00174050882924348,8.22767106001265e-06
1743518886.65325,3.51176349795423e-05,4.82044697491801e-06,-0.00173710158560425
1743518886.65814,-0.00520086986944079,0.00175014964770526,8.22767106001265e-06
1743518886.66304,-0.0017102116253227,4.82044697491801e-06,8.22767106001265e-06
1743518886.66793,-0.0017102116253227,0.00175014964770526,8.22767106001265e-06
1743518886.67282,-0.0017102116253227,0.00175014964770526,8.22767106001265e-06
1743518886.67772,-0.00345554086379707,-0.00348583795130253,8.22767106001265e-06
1743518886.68261,-0.00694619910791516,-0.0052311671897769,0.00175355689134449
1743518886.6875,-0.0017102116253227,4.82044697491801e-06,-0.0034824307076633
1743518886.69239,-0.00345554086379707,-0.00174050882924348,-0.00173710158560425
1743518886.69729,-0.0017102116253227,4.82044697491801e-06,8.22767106001265e-06
1743518886.70218,-0.00345554086379707,4.82044697491801e-06,8.22767106001265e-06
1743518886.70707,-0.00345554086379707,4.82044697491801e-06,-0.00173710158560425
1743518886.71196,-0.00520086986944079,0.00175014964770526,8.22767106001265e-06
1743518886.71685,-0.00520086986944079,0.00175014964770526,-0.00522775994613767
1743518886.72174,-0.0017102116253227,4.82044697491801e-06,8.22767106001265e-06
1743518886.72663,-0.0017102116253227,4.82044697491801e-06,-0.00173710158560425
1743518886.73152,-0.00694619910791516,4.82044697491801e-06,8.22767106001265e-06
1743518886.73641,-0.00345554086379707,-0.00174050882924348,-0.0034824307076633
1743518886.7413,-0.00345554086379707,4.82044697491801e-06,8.22767106001265e-06
1743518886.74619,-0.00520086986944079,4.82044697491801e-06,8.22767106001265e-06
1743518886.75108,-0.00345554086379707,4.82044697491801e-06,8.22767106001265e-06
1743518886.75597,3.51176349795423e-05,0.00349547900259495,8.22767106001265e-06
1743518886.76085,-0.00345554086379707,4.82044697491801e-06,8.22767106001265e-06
1743518886.76574,-0.0017102116253227,4.82044697491801e-06,8.22767106001265e-06
1743518886.77063,-0.00345554086379707,4.82044697491801e-06,8.22767106001265e-06
1743518886.77551,-0.00345554086379707,-0.00174050882924348,8.22767106001265e-06
1743518886.7804,-0.00345554086379707,-0.00174050882924348,0.00349888624623418
1743518886.78529,-0.00694619910791516,4.82044697491801e-06,-0.00522775994613767
1743518886.79017,-0.0017102116253227,4.82044697491801e-06,8.22767106001265e-06
1743518886.79506,3.51176349795423e-05,4.82044697491801e-06,8.22767106001265e-06
1743518886.79994,-0.00345554086379707,4.82044697491801e-06,8.22767106001265e-06
1743518886.80483,3.51176349795423e-05,0.00175014964770526,8.22767106001265e-06
1743518886.80971,-0.0017102116253227,0.00175014964770526,8.22767106001265e-06
1743518886.81459,-0.00520086986944079,4.82044697491801e-06,-0.00173710158560425
1743518886.81948,-0.0017102116253227,4.82044697491801e-06,8.22767106001265e-06
1743518886.82436,-0.00345554086379707,-0.00348583795130253,8.22767106001265e-06
1743518886.82924,-0.00520086986944079,4.82044697491801e-06,-0.00173710158560425
1743518886.83412,3.51176349795423e-05,4.82044697491801e-06,8.22767106001265e-06
1743518886.83901,-0.00520086986944079,-0.00174050882924348,-0.00173710158560425
1743518886.84389,-0.00520086986944079,-0.00174050882924348,8.22767106001265e-06
1743518886.84877,-0.0017102116253227,0.00175014964770526,-0.00173710158560425
1743518886.85365,-0.0017102116253227,0.00175014964770526,-0.00173710158560425
1743518886.85853,-0.0017102116253227,4.82044697491801e-06,8.22767106001265e-06
1743518886.86341,-0.00345554086379707,0.00349547900259495,8.22767106001265e-06
1743518886.86829,-0.00345554086379707,4.82044697491801e-06,8.22767106001265e-06
1743518886.87317,-0.00345554086379707,4.82044697491801e-06,8.22767106001265e-06
1743518886.87805,-0.0017102116253227,-0.00348583795130253,8.22767106001265e-06
1743518886.88293,-0.00345554086379707,4.82044697491801e-06,8.22767106001265e-06
1743518886.88781,-0.00520086986944079,0.00349547900259495,-0.00173710158560425
1743518886.89269,3.51176349795423e-05,-0.00174050882924348,8.22767106001265e-06
1743518886.89756,-0.00345554086379707,0.00524080824106932,-0.00173710158560425
1743518886.90244,-0.0017102116253227,4.82044697491801e-06,8.22767106001265e-06
1743518886.90732,-0.00520086986944079,4.82044697491801e-06,0.00175355689134449
1743518886.9122,-0.0017102116253227,4.82044697491801e-06,8.22767106001265e-06
1743518886.91707,-0.00345554086379707,4.82044697491801e-06,-0.00522775994613767
1743518886.92195,-0.0017102116253227,4.82044697491801e-06,8.22767106001265e-06
1743518886.92682,-0.00345554086379707,-0.00348583795130253,8.22767106001265e-06
1743518886.9317,-0.00345554086379707,-0.0052311671897769,8.22767106001265e-06
1743518886.93657,-0.0017102116253227,4.82044697491801e-06,-0.0034824307076633
1743518886.94145,-0.00345554086379707,4.82044697491801e-06,8.22767106001265e-06
1743518886.94632,3.51176349795423e-05,4.82044697491801e-06,8.22767106001265e-06
1743518886.9512,-0.00345554086379707,4.82044697491801e-06,8.22767106001265e-06
1743518886.95607,3.51176349795423e-05,0.00524080824106932,-0.0034824307076633
1743518886.96094,3.51176349795423e-05,4.82044697491801e-06,8.22767106001265e-06
1743518886.96582,-0.0017102116253227,-0.00348583795130253,-0.00173710158560425
1743518886.97069,-0.0017102116253227,4.82044697491801e-06,8.22767106001265e-06
1743518886.97556,-0.00520086986944079,4.82044697491801e-06,-0.0034824307076633
1743518886.98044,3.51176349795423e-05,4.82044697491801e-06,-0.0034824307076633
1743518886.98531,-0.00520086986944079,-0.00174050882924348,8.22767106001265e-06
1743518886.99018,-0.00345554086379707,-0.0052311671897769,8.22767106001265e-06
1743518886.99505,3.51176349795423e-05,0.00349547900259495,8.22767106001265e-06
1743518886.99992,-0.00345554086379707,4.82044697491801e-06,-0.0034824307076633
1743518887.00479,-0.00520086986944079,4.82044697491801e-06,0.00349888624623418
1743518887.00966,-0.0017102116253227,-0.00348583795130253,0.00349888624623418
1743518887.01453,-0.0017102116253227,4.82044697491801e-06,8.22767106001265e-06
1743518887.0194,3.51176349795423e-05,4.82044697491801e-06,8.22767106001265e-06
1743518887.02427,3.51176349795423e-05,4.82044697491801e-06,-0.00173710158560425
1743518887.02914,3.51176349795423e-05,0.00175014964770526,8.22767106001265e-06
1743518887.034,3.51176349795423e-05,0.00175014964770526,8.22767106001265e-06
1743518887.03887,-0.00345554086379707,4.82044697491801e-06,8.22767106001265e-06
1743518887.04374,-0.0017102116253227,-0.00174050882924348,8.22767106001265e-06
1743518887.04861,3.51176349795423e-05,4.82044697491801e-06,-0.0034824307076633
1743518887.05347,-0.00520086986944079,-0.00174050882924348,-0.00173710158560425
1743518887.05835,-0.00520086986944079,4.82044697491801e-06,8.22767106001265e-06
1743518887.06335,-0.00345554086379707,-0.0052311671897769,8.22767106001265e-06
1743518887.06835,-0.0017102116253227,4.82044697491801e-06,8.22767106001265e-06
1743518887.07335,-0.0017102116253227,4.82044697491801e-06,-0.0034824307076633
1743518887.07836,-0.0017102116253227,4.82044697491801e-06,8.22767106001265e-06
1743518887.08336,-0.00345554086379707,0.00175014964770526,8.22767106001265e-06
1743518887.08836,-0.00345554086379707,4.82044697491801e-06,8.22767106001265e-06
1743518887.09337,-0.0017102116253227,0.00349547900259495,8.22767106001265e-06
1743518887.09837,-0.0017102116253227,4.82044697491801e-06,8.22767106001265e-06
1743518887.10337,-0.0017102116253227,4.82044697491801e-06,-0.0034824307076633
1743518887.10838,-0.00345554086379707,0.00349547900259495,8.22767106001265e-06
1743518887.11338,-0.0017102116253227,4.82044697491801e-06,8.22767106001265e-06
1743518887.11838,-0.0017102116253227,4.82044697491801e-06,8.22767106001265e-06
1743518887.12339,-0.00520086986944079,4.82044697491801e-06,8.22767106001265e-06
1743518887.12839,-0.0017102116253227,4.82044697491801e-06,8.22767106001265e-06
1743518887.13339,-0.00345554086379707,-0.00348583795130253,-0.0034824307076633
1743518887.1384,-0.0017102116253227,4.82044697491801e-06,-0.00173710158560425
1743518887.1434,-0.00345554086379707,4.82044697491801e-06,8.22767106001265e-06
1743518887.14841,-0.00345554086379707,-0.00174050882924348,8.22767106001265e-06
1743518887.15341,-0.0017102116253227,4.82044697491801e-06,8.22767106001265e-06
1743518887.15842,-0.0017102116253227,0.00175014964770526,-0.0034824307076633
1743518887.16342,3.51176349795423e-05,0.00175014964770526,8.22767106001265e-06
1743518887.16842,-0.00345554086379707,0.00175014964770526,-0.00173710158560425
1743518887.17343,3.51176349795423e-05,-0.00174050882924348,8.22767106001265e-06
1743518887.17843,-0.00520086986944079,-0.00348583795130253,8.22767106001265e-06
1743518887.18344,3.51176349795423e-05,4.82044697491801e-06,0.00175355689134449
1743518887.18844,-0.0017102116253227,-0.00174050882924348,8.22767106001265e-06
1743518887.19345,-0.00520086986944079,4.82044697491801e-06,8.22767106001265e-06
1743518887.19845,-0.00520086986944079,-0.00348583795130253,-0.0034824307076633
1743518887.20346,-0.00520086986944079,4.82044697491801e-06,-0.00173710158560425
1743518887.20846,-0.00520086986944079,4.82044697491801e-06,-0.00173710158560425
1743518887.21347,-0.00345554086379707,4.82044697491801e-06,0.00349888624623418
1743518887.21847,-0.00520086986944079,4.82044697491801e-06,8.22767106001265e-06
1743518887.22348,-0.00345554086379707,-0.00174050882924348,8.22767106001265e-06
1743518887.22848,-0.00345554086379707,4.82044697491801e-06,-0.0034824307076633
1743518887.23349,-0.0017102116253227,4.82044697491801e-06,8.22767106001265e-06
1743518887.2385,-0.0017102116253227,4.82044697491801e-06,8.22767106001265e-06
1743518887.2435,3.51176349795423e-05,4.82044697491801e-06,8.22767106001265e-06
1743518887.24851,3.51176349795423e-05,-0.00174050882924348,0.00175355689134449
1743518887.25351,-0.0017102116253227,4.82044697491801e-06,-0.00173710158560425
1743518887.25852,-0.00520086986944079,4.82044697491801e-06,8.22767106001265e-06
1743518887.26353,-0.00520086986944079,-0.00348583795130253,8.22767106001265e-06
1743518887.26853,-0.0017102116253227,4.82044697491801e-06,8.22767106001265e-06
1743518887.27354,-0.00345554086379707,0.00175014964770526,8.22767106001265e-06
1743518887.27854,-0.00345554086379707,-0.00174050882924348,-0.0034824307076633
1743518887.28355,-0.00345554086379707,0.00524080824106932,8.22767106001265e-06
1743518887.28856,-0.0017102116253227,4.82044697491801e-06,-0.00173710158560425
1743518887.29356,-0.0017102116253227,-0.00174050882924348,8.22767106001265e-06
1743518887.29857,-0.0017102116253227,0.00175014964770526,8.22767106001265e-06
1743518887.30358,-0.0017102116253227,-0.0052311671897769,0.00175355689134449
1743518887.30858,-0.00520086986944079,-0.00174050882924348,-0.0034824307076633
1743518887.31359,-0.0017102116253227,4.82044697491801e-06,8.22767106001265e-06
1743518887.3186,-0.0017102116253227,4.82044697491801e-06,-0.00173710158560425
1743518887.3236,-0.0017102116253227,4.82044697491801e-06,8.22767106001265e-06
1743518887.32861,-0.00345554086379707,-0.00348583795130253,-0.00173710158560425
1743518887.33362,-0.00345554086379707,4.82044697491801e-06,0.00175355689134449
1743518887.33863,-0.00520086986944079,-0.00348583795130253,8.22767106001265e-06
1743518887.34363,-0.00345554086379707,4.82044697491801e-06,-0.00173710158560425
1743518887.34864,-0.00694619910791516,4.82044697491801e-06,0.00349888624623418
1743518887.35365,-0.0017102116253227,-0.00174050882924348,8.22767106001265e-06
1743518887.35866,-0.00345554086379707,-0.0052311671897769,8.22767106001265e-06
1743518887.36366,-0.00520086986944079,-0.00174050882924348,-0.00173710158560425
1743518887.36867,-0.0017102116253227,4.82044697491801e-06,-0.00173710158560425
1743518887.37368,-0.00345554086379707,4.82044697491801e-06,8.22767106001265e-06
1743518887.37869,-0.00345554086379707,4.82044697491801e-06,-0.00173710158560425
1743518887.3837,3.51176349795423e-05,4.82044697491801e-06,8.22767106001265e-06
1743518887.3887,-0.00345554086379707,4.82044697491801e-06,-0.00173710158560425
1743518887.39371,-0.00520086986944079,-0.00174050882924348,8.22767106001265e-06
1743518887.39872,-0.00345554086379707,-0.00174050882924348,-0.00173710158560425
1743518887.40373,-0.00345554086379707,4.82044697491801e-06,-0.00173710158560425
1743518887.40874,-0.0017102116253227,0.00349547900259495,8.22767106001265e-06
1743518887.41375,-0.00345554086379707,4.82044697491801e-06,-0.00173710158560425
1743518887.41876,-0.00345554086379707,4.82044697491801e-06,8.22767106001265e-06
1743518887.42376,-0.00345554086379707,4.82044697491801e-06,8.22767106001265e-06
1743518887.42877,-0.00520086986944079,4.82044697491801e-06,8.22767106001265e-06
1743518887.43378,3.51176349795423e-05,0.00175014964770526,8.22767106001265e-06
1743518887.43879,-0.0017102116253227,4.82044697491801e-06,8.22767106001265e-06
1743518887.4438,-0.00520086986944079,-0.00348583795130253,8.22767106001265e-06
1743518887.44881,-0.0017102116253227,-0.00174050882924348,-0.00173710158560425
1743518887.45382,-0.00520086986944079,0.00524080824106932,8.22767106001265e-06
1743518887.45883,-0.0017102116253227,-0.00174050882924348,8.22767106001265e-06
1743518887.46384,3.51176349795423e-05,0.00175014964770526,-0.0034824307076633
1743518887.46885,3.51176349795423e-05,-0.00174050882924348,8.22767106001265e-06
1743518887.47386,-0.00520086986944079,4.82044697491801e-06,8.22767106001265e-06
1743518887.47887,3.51176349795423e-05,4.82044697491801e-06,0.00175355689134449
1743518887.48388,-0.00345554086379707,-0.0052311671897769,8.22767106001265e-06
1743518887.48889,3.51176349795423e-05,4.82044697491801e-06,8.22767106001265e-06
1743518887.4939,-0.00345554086379707,-0.00174050882924348,8.22767106001265e-06
1743518887.49891,-0.00520086986944079,-0.00348583795130253,8.22767106001265e-06
1743518887.50392,-0.0017102116253227,4.82044697491801e-06,8.22767106001265e-06
1743518887.50893,3.51176349795423e-05,4.82044697491801e-06,8.22767106001265e-06
1743518887.51394,-0.00520086986944079,-0.00174050882924348,-0.00173710158560425
1743518887.51895,-0.00520086986944079,4.82044697491801e-06,8.22767106001265e-06
1743518887.52396,-0.00345554086379707,4.82044697491801e-06,-0.00173710158560425
1743518887.52897,3.51176349795423e-05,-0.00174050882924348,8.22767106001265e-06
1743518887.53398,-0.00520086986944079,-0.00174050882924348,8.22767106001265e-06
1743518887.53899,-0.00345554086379707,-0.0052311671897769,-0.00173710158560425
1743518887.544,-0.0017102116253227,4.82044697491801e-06,8.22767106001265e-06
1743518887.54901,-0.00520086986944079,0.00175014964770526,-0.00173710158560425
1743518887.55402,3.51176349795423e-05,-0.00174050882924348,-0.00173710158560425
1743518887.55903,-0.0017102116253227,0.00349547900259495,-0.0034824307076633
1743518887.56404,-0.00345554086379707,-0.00174050882924348,0.00175355689134449
1743518887.56906,-0.0017102116253227,4.82044697491801e-06,-0.0034824307076633
1743518887.57407,-0.00520086986944079,-0.00174050882924348,8.22767106001265e-06
1743518887.57908,-0.00520086986944079,4.82044697491801e-06,8.22767106001265e-06
1743518887.58409,-0.00345554086379707,4.82044697491801e-06,-0.00173710158560425
1743518887.5891,-0.00345554086379707,-0.0052311671897769,8.22767106001265e-06
1743518887.59411,-0.00520086986944079,-0.00348583795130253,0.00175355689134449
1743518887.59912,-0.00345554086379707,-0.0052311671897769,8.22767106001265e-06
1743518887.60414,-0.0017102116253227,4.82044697491801e-06,8.22767106001265e-06
1743518887.60915,-0.0017102116253227,0.00175014964770526,8.22767106001265e-06
1743518887.61416,-0.0017102116253227,4.82044697491801e-06,8.22767106001265e-06
1743518887.61917,-0.0017102116253227,0.00175014964770526,8.22767106001265e-06
1743518887.62418,-0.0017102116253227,4.82044697491801e-06,-0.00173710158560425
1743518887.6292,-0.00345554086379707,0.00175014964770526,8.22767106001265e-06
1743518887.63421,-0.0017102116253227,-0.00174050882924348,8.22767106001265e-06
1743518887.63922,-0.0017102116253227,4.82044697491801e-06,0.00349888624623418
1743518887.64423,-0.00345554086379707,-0.00174050882924348,-0.0034824307076633
1743518887.64925,-0.0017102116253227,0.00175014964770526,8.22767106001265e-06
1743518887.65426,-0.00345554086379707,-0.00174050882924348,8.22767106001265e-06
1743518887.65927,-0.0017102116253227,0.00349547900259495,-0.0034824307076633
1743518887.66429,-0.0017102116253227,4.82044697491801e-06,-0.00173710158560425
1743518887.6693,-0.0017102116253227,4.82044697491801e-06,0.00175355689134449
1743518887.67431,3.51176349795423e-05,-0.00348583795130253,-0.0034824307076633
1743518887.67932,-0.00520086986944079,4.82044697491801e-06,8.22767106001265e-06
1743518887.68434,-0.00345554086379707,0.00175014964770526,8.22767106001265e-06
1743518887.68935,3.51176349795423e-05,4.82044697491801e-06,-0.00173710158560425
1743518887.69436,3.51176349795423e-05,0.00349547900259495,8.22767106001265e-06
1743518887.69938,-0.0017102116253227,4.82044697491801e-06,8.22767106001265e-06
1743518887.70439,-0.0017102116253227,-0.00174050882924348,8.22767106001265e-06
1743518887.70941,-0.00345554086379707,4.82044697491801e-06,-0.00173710158560425
1743518887.71442,3.51176349795423e-05,4.82044697491801e-06,0.00175355689134449
1743518887.71943,-0.00520086986944079,4.82044697491801e-06,-0.00173710158560425
1743518887.72445,-0.00520086986944079,4.82044697491801e-06,-0.00522775994613767
1743518887.72946,-0.00520086986944079,-0.00348583795130253,8.22767106001265e-06
1743518887.73447,-0.00520086986944079,-0.00174050882924348,8.22767106001265e-06
1743518887.73949,-0.00345554086379707,4.82044697491801e-06,-0.00522775994613767
1743518887.7445,-0.0017102116253227,4.82044697491801e-06,8.22767106001265e-06
1743518887.74952,-0.0017102116253227,0.00349547900259495,8.22767106001265e-06
1743518887.75453,-0.00520086986944079,4.82044697491801e-06,0.00175355689134449
1743518887.75955,3.51176349795423e-05,4.82044697491801e-06,-0.0034824307076633
1743518887.76456,-0.00345554086379707,4.82044697491801e-06,-0.0034824307076633
1743518887.76958,-0.00345554086379707,4.82044697491801e-06,8.22767106001265e-06
1743518887.77459,-0.00345554086379707,4.82044697491801e-06,8.22767106001265e-06
1743518887.7796,-0.00345554086379707,4.82044697491801e-06,-0.00173710158560425
1743518887.78462,-0.0017102116253227,4.82044697491801e-06,8.22767106001265e-06
1743518887.78963,-0.00345554086379707,-0.00174050882924348,8.22767106001265e-06
1743518887.79465,-0.0017102116253227,4.82044697491801e-06,0.00175355689134449
1743518887.79966,-0.0017102116253227,4.82044697491801e-06,-0.00522775994613767
1743518887.80468,-0.0017102116253227,4.82044697491801e-06,8.22767106001265e-06
1743518887.80969,-0.0017102116253227,4.82044697491801e-06,-0.00173710158560425
1743518887.81471,-0.00520086986944079,0.00349547900259495,-0.00173710158560425
1743518887.81973,-0.00520086986944079,4.82044697491801e-06,8.22767106001265e-06
1743518887.82474,-0.00520086986944079,-0.00174050882924348,-0.00173710158560425
1743518887.82976,-0.0017102116253227,-0.00174050882924348,-0.00173710158560425
1743518887.83477,-0.00869152881205082,-0.00174050882924348,8.22767106001265e-06
1743518887.83979,3.51176349795423e-05,-0.00348583795130253,8.22767106001265e-06
1743518887.8448,-0.00345554086379707,4.82044697491801e-06,8.22767106001265e-06
1743518887.84982,-0.00869152881205082,4.82044697491801e-06,8.22767106001265e-06
1743518887.85484,3.51176349795423e-05,4.82044697491801e-06,8.22767106001265e-06
1743518887.85985,-0.00520086986944079,-0.00174050882924348,-0.00173710158560425
1743518887.86487,-0.00520086986944079,-0.00348583795130253,8.22767106001265e-06
1743518887.86989,-0.00520086986944079,4.82044697491801e-06,0.00175355689134449
1743518887.8749,-0.00345554086379707,-0.00174050882924348,-0.00173710158560425
1743518887.87992,-0.00520086986944079,4.82044697491801e-06,8.22767106001265e-06
1743518887.88493,-0.0017102116253227,-0.00174050882924348,8.22767106001265e-06
1743518887.88995,3.51176349795423e-05,4.82044697491801e-06,8.22767106001265e-06
1743518887.89497,-0.00345554086379707,4.82044697491801e-06,-0.00173710158560425
1743518887.89999,3.51176349795423e-05,4.82044697491801e-06,8.22767106001265e-06
1743518887.905,3.51176349795423e-05,0.00349547900259495,-0.00173710158560425
1743518887.91002,-0.00345554086379707,-0.00174050882924348,-0.0034824307076633
1743518887.91504,-0.00520086986944079,-0.00348583795130253,0.00175355689134449
1743518887.92005,-0.00345554086379707,-0.00348583795130253,8.22767106001265e-06
1743518887.92507,-0.00345554086379707,0.00175014964770526,-0.00522775994613767
1743518887.93009,-0.00345554086379707,-0.00348583795130253,-0.00173710158560425
1743518887.93511,-0.00520086986944079,4.82044697491801e-06,8.22767106001265e-06
1743518887.94012,-0.0017102116253227,4.82044697491801e-06,-0.00173710158560425
1743518887.94514,-0.00694619910791516,4.82044697491801e-06,8.22767106001265e-06
1743518887.95016,-0.00345554086379707,4.82044697491801e-06,-0.00173710158560425
1743518887.95518,-0.0017102116253227,0.00175014964770526,8.22767106001265e-06
1743518887.96019,-0.0017102116253227,-0.00174050882924348,-0.00173710158560425
1743518887.96521,-0.00345554086379707,4.82044697491801e-06,-0.00173710158560425
1743518887.97023,-0.00345554086379707,-0.00348583795130253,0.00175355689134449
1743518887.97525,-0.00520086986944079,-0.00174050882924348,8.22767106001265e-06
1743518887.98027,3.51176349795423e-05,-0.00174050882924348,8.22767106001265e-06
1743518887.98528,-0.0017102116253227,4.82044697491801e-06,8.22767106001265e-06
1743518887.9903,-0.00520086986944079,-0.00174050882924348,8.22767106001265e-06
1743518887.99532,-0.0017102116253227,-0.00348583795130253,8.22767106001265e-06
1743518888.00034,-0.00520086986944079,-0.00174050882924348,-0.00173710158560425
1743518888.00536,-0.00520086986944079,-0.00174050882924348,8.22767106001265e-06
1743518888.01038,-0.00345554086379707,4.82044697491801e-06,8.22767106001265e-06
1743518888.0154,-0.00520086986944079,-0.0052311671897769,8.22767106001265e-06
1743518888.02041,-0.00345554086379707,0.00175014964770526,8.22767106001265e-06
1743518888.02543,-0.00520086986944079,4.82044697491801e-06,8.22767106001265e-06
1743518888.03045,-0.00520086986944079,4.82044697491801e-06,-0.00173710158560425
1743518888.03547,-0.00345554086379707,4.82044697491801e-06,8.22767106001265e-06
1743518888.04049,-0.0017102116253227,-0.0052311671897769,8.22767106001265e-06
1743518888.04551,-0.0017102116253227,4.82044697491801e-06,-0.00173710158560425
1743518888.05053,3.51176349795423e-05,4.82044697491801e-06,0.00175355689134449
1743518888.05555,-0.00345554086379707,-0.00174050882924348,8.22767106001265e-06
1743518888.06057,-0.00345554086379707,4.82044697491801e-06,8.22767106001265e-06
1743518888.06557,-0.00520086986944079,4.82044697491801e-06,-0.00173710158560425
1743518888.0706,-0.0017102116253227,4.82044697491801e-06,0.00175355689134449
1743518888.07562,-0.00520086986944079,4.82044697491801e-06,-0.00173710158560425
1743518888.08064,-0.00345554086379707,0.00175014964770526,8.22767106001265e-06
1743518888.08567,-0.00345554086379707,4.82044697491801e-06,-0.00173710158560425
1743518888.09069,-0.0017102116253227,4.82044697491801e-06,8.22767106001265e-06
1743518888.09572,-0.00345554086379707,4.82044697491801e-06,8.22767106001265e-06
1743518888.10074,3.51176349795423e-05,4.82044697491801e-06,-0.00173710158560425
1743518888.10577,-0.00345554086379707,0.00175014964770526,-0.00173710158560425
1743518888.1108,-0.0017102116253227,4.82044697491801e-06,-0.00173710158560425
1743518888.11582,-0.00345554086379707,4.82044697491801e-06,-0.00173710158560425
1743518888.12085,-0.0017102116253227,0.00349547900259495,8.22767106001265e-06
1743518888.12587,-0.0017102116253227,4.82044697491801e-06,-0.00173710158560425
1743518888.1309,-0.0017102116253227,4.82044697491801e-06,-0.00173710158560425
1743518888.13593,3.51176349795423e-05,4.82044697491801e-06,0.00175355689134449
1743518888.14095,-0.0017102116253227,4.82044697491801e-06,-0.00173710158560425
1743518888.14598,-0.0017102116253227,-0.00174050882924348,8.22767106001265e-06
1743518888.15101,-0.00345554086379707,0.00175014964770526,-0.00173710158560425
1743518888.15603,3.51176349795423e-05,4.82044697491801e-06,8.22767106001265e-06
1743518888.16106,-0.00520086986944079,-0.00174050882924348,8.22767106001265e-06
1743518888.16609,-0.0017102116253227,4.82044697491801e-06,-0.00173710158560425
1743518888.17111,3.51176349795423e-05,0.00175014964770526,8.22767106001265e-06
1743518888.17614,3.51176349795423e-05,4.82044697491801e-06,8.22767106001265e-06
1743518888.18117,-0.00869152881205082,-0.0052311671897769,0.00349888624623418
1743518888.1862,-0.0017102116253227,-0.00174050882924348,8.22767106001265e-06
1743518888.19122,-0.0017102116253227,-0.00174050882924348,8.22767106001265e-06
1743518888.19625,-0.0017102116253227,4.82044697491801e-06,8.22767106001265e-06
1743518888.20128,3.51176349795423e-05,4.82044697491801e-06,8.22767106001265e-06
1743518888.20631,-0.00520086986944079,4.82044697491801e-06,8.22767106001265e-06
1743518888.21134,-0.0017102116253227,4.82044697491801e-06,8.22767106001265e-06
1743518888.21636,-0.00520086986944079,4.82044697491801e-06,8.22767106001265e-06
1743518888.22139,-0.00345554086379707,4.82044697491801e-06,-0.00173710158560425
1743518888.22642,-0.00520086986944079,0.00175014964770526,8.22767106001265e-06
1743518888.23145,3.51176349795423e-05,-0.00174050882924348,-0.00173710158560425
1743518888.23648,-0.00520086986944079,4.82044697491801e-06,8.22767106001265e-06
1743518888.24151,3.51176349795423e-05,-0.00348583795130253,8.22767106001265e-06
1743518888.24654,-0.00694619910791516,-0.00348583795130253,-0.00173710158560425
1743518888.25157,-0.00345554086379707,4.82044697491801e-06,-0.00173710158560425
1743518888.25659,-0.00345554086379707,-0.0052311671897769,8.22767106001265e-06
1743518888.26163,-0.00520086986944079,-0.00174050882924348,8.22767106001265e-06
1743518888.26665,3.51176349795423e-05,-0.00174050882924348,8.22767106001265e-06
1743518888.27168,-0.0017102116253227,0.00175014964770526,8.22767106001265e-06
1743518888.27671,3.51176349795423e-05,0.00349547900259495,-0.00173710158560425
1743518888.28174,-0.0017102116253227,4.82044697491801e-06,8.22767106001265e-06
1743518888.28678,-0.00694619910791516,-0.00174050882924348,-0.0034824307076633
1743518888.29181,-0.00345554086379707,-0.00174050882924348,8.22767106001265e-06
1743518888.29684,-0.00345554086379707,0.00349547900259495,8.22767106001265e-06
1743518888.30187,3.51176349795423e-05,4.82044697491801e-06,8.22767106001265e-06
1743518888.3069,-0.00345554086379707,4.82044697491801e-06,8.22767106001265e-06
1743518888.31193,-0.00520086986944079,4.82044697491801e-06,-0.00173710158560425
1743518888.31696,-0.00345554086379707,-0.00174050882924348,8.22767106001265e-06
1743518888.32199,-0.00345554086379707,-0.00174050882924348,0.00175355689134449
1743518888.32702,-0.0017102116253227,4.82044697491801e-06,-0.00173710158560425
1743518888.33205,-0.00345554086379707,4.82044697491801e-06,-0.0034824307076633
1743518888.33709,3.51176349795423e-05,4.82044697491801e-06,8.22767106001265e-06
1743518888.34212,-0.00345554086379707,-0.00348583795130253,0.00175355689134449
1743518888.34715,-0.00345554086379707,0.00175014964770526,-0.00522775994613767
1743518888.35218,3.51176349795423e-05,-0.00174050882924348,8.22767106001265e-06
1743518888.35721,3.51176349795423e-05,0.00175014964770526,-0.00173710158560425
1743518888.36225,-0.0017102116253227,4.82044697491801e-06,-0.00173710158560425
1743518888.36728,-0.00345554086379707,4.82044697491801e-06,8.22767106001265e-06
1743518888.37231,-0.00345554086379707,4.82044697491801e-06,-0.00173710158560425
1743518888.37734,-0.00520086986944079,0.00175014964770526,8.22767106001265e-06
1743518888.38238,-0.00345554086379707,0.00175014964770526,0.00524421548470855
1743518888.38741,-0.00520086986944079,0.00524080824106932,-0.00173710158560425
1743518888.39244,-0.00345554086379707,4.82044697491801e-06,8.22767106001265e-06
1743518888.39748,-0.0017102116253227,4.82044697491801e-06,8.22767106001265e-06
1743518888.40251,-0.00345554086379707,4.82044697491801e-06,-0.0034824307076633
1743518888.40754,3.51176349795423e-05,4.82044697491801e-06,-0.0034824307076633
1743518888.41258,-0.00520086986944079,4.82044697491801e-06,8.22767106001265e-06
1743518888.41761,3.51176349795423e-05,0.00349547900259495,-0.0034824307076633
1743518888.42264,-0.0017102116253227,4.82044697491801e-06,-0.00173710158560425
1743518888.42768,-0.0017102116253227,4.82044697491801e-06,8.22767106001265e-06
