1743528215810714112
1743528215844385792
1743528215911540224
1743528215945019136
1743528215978399744
1743528216011681792
1743528216044865536
1743528216077950720
1743528216110937856
1743528216143826176
1743528216176615424
1743528216209307392
1743528216241900800
1743528216274395648
1743528216306792448
1743528216339090944
1743528216403392256
1743528217143496960
1743528217176843264
1743528217210175488
1743528217243494400
1743528217276799232
1743528217310090240
1743528217343367936
1743528217376631552
1743528217409881344
1743528217443117312
1743528217476338944
1743528217509547776
1743528217542742528
1743528217575923712
1743528217609091072
1743528217642244864
1743528218497037568
1743528218529632768
1743528218562208000
1743528218594763520
1743528218627299072
1743528218659815168
1743528218692311040
1743528218724787200
1743528218757243392
1743528218789679104
1743528218822049024
1743528218855399424
1743528218888750080
1743528218922100480
1743528219022152704
1743528219122204672
1743528219255606528
1743528219355658752
1743528219422360064
1743528219455710976
1743528219489061888
1743528219589113856
1743528219655815680
1743528219789217792
1743528219855919104
1743528219922620160
