1743528201.83255,-0.00345554086379707,4.82044697491801e-06,8.22767106001265e-06
1743528201.83755,-0.0017102116253227,4.82044697491801e-06,8.22767106001265e-06
1743528201.84255,-0.0017102116253227,4.82044697491801e-06,-0.00173710158560425
1743528201.84755,-0.00694619910791516,4.82044697491801e-06,-0.00173710158560425
1743528201.85255,-0.00520086986944079,4.82044697491801e-06,8.22767106001265e-06
1743528201.85755,3.51176349795423e-05,0.00175014964770526,8.22767106001265e-06
1743528201.86256,-0.00345554086379707,4.82044697491801e-06,-0.00173710158560425
1743528201.86756,-0.00345554086379707,4.82044697491801e-06,8.22767106001265e-06
1743528201.87256,3.51176349795423e-05,0.00524080824106932,-0.00173710158560425
1743528201.87756,-0.00345554086379707,4.82044697491801e-06,-0.00173710158560425
1743528201.88256,-0.00345554086379707,-0.00348583795130253,8.22767106001265e-06
1743528201.88756,-0.00520086986944079,-0.00348583795130253,8.22767106001265e-06
1743528201.89256,3.51176349795423e-05,4.82044697491801e-06,8.22767106001265e-06
1743528201.89757,-0.0017102116253227,-0.00174050882924348,8.22767106001265e-06
1743528201.90257,-0.0017102116253227,-0.00174050882924348,8.22767106001265e-06
1743528201.90757,-0.0017102116253227,4.82044697491801e-06,8.22767106001265e-06
1743528201.91257,-0.00520086986944079,-0.00174050882924348,8.22767106001265e-06
1743528201.91757,-0.0017102116253227,4.82044697491801e-06,8.22767106001265e-06
1743528201.92257,-0.00520086986944079,4.82044697491801e-06,8.22767106001265e-06
1743528201.92758,3.51176349795423e-05,4.82044697491801e-06,8.22767106001265e-06
1743528201.93258,-0.0017102116253227,4.82044697491801e-06,-0.00173710158560425
1743528201.93758,-0.00520086986944079,4.82044697491801e-06,0.00175355689134449
1743528201.94258,-0.00345554086379707,4.82044697491801e-06,8.22767106001265e-06
1743528201.94758,-0.00345554086379707,4.82044697491801e-06,-0.00173710158560425
1743528201.95258,-0.00520086986944079,4.82044697491801e-06,8.22767106001265e-06
1743528201.95758,-0.0017102116253227,0.00175014964770526,8.22767106001265e-06
1743528201.96258,-0.00345554086379707,0.00349547900259495,-0.00522775994613767
1743528201.96759,-0.0017102116253227,0.00175014964770526,8.22767106001265e-06
1743528201.97259,-0.0017102116253227,4.82044697491801e-06,8.22767106001265e-06
1743528201.97759,-0.00345554086379707,4.82044697491801e-06,8.22767106001265e-06
1743528201.98259,-0.00520086986944079,0.00175014964770526,-0.00173710158560425
1743528201.98759,-0.00345554086379707,0.00524080824106932,-0.00522775994613767
1743528201.99259,-0.00345554086379707,4.82044697491801e-06,8.22767106001265e-06
1743528201.9976,-0.0017102116253227,4.82044697491801e-06,8.22767106001265e-06
1743528202.0026,-0.00520086986944079,0.00175014964770526,-0.00173710158560425
1743528202.0076,-0.0017102116253227,-0.00348583795130253,8.22767106001265e-06
1743528202.0126,-0.00520086986944079,4.82044697491801e-06,8.22767106001265e-06
1743528202.0176,-0.0017102116253227,4.82044697491801e-06,8.22767106001265e-06
1743528202.0226,-0.00694619910791516,4.82044697491801e-06,-0.0034824307076633
1743528202.0276,-0.0017102116253227,4.82044697491801e-06,-0.00173710158560425
1743528202.03261,-0.00345554086379707,4.82044697491801e-06,8.22767106001265e-06
1743528202.03761,-0.00520086986944079,4.82044697491801e-06,-0.00173710158560425
1743528202.04261,-0.0017102116253227,4.82044697491801e-06,8.22767106001265e-06
1743528202.04761,-0.00345554086379707,-0.00174050882924348,8.22767106001265e-06
1743528202.05261,-0.00520086986944079,4.82044697491801e-06,8.22767106001265e-06
1743528202.05761,-0.00694619910791516,4.82044697491801e-06,-0.00173710158560425
1743528202.06261,-0.00520086986944079,4.82044697491801e-06,-0.00173710158560425
1743528202.06762,-0.0017102116253227,4.82044697491801e-06,8.22767106001265e-06
1743528202.07262,-0.0017102116253227,0.00175014964770526,8.22767106001265e-06
1743528202.07762,-0.00345554086379707,-0.00174050882924348,0.00175355689134449
1743528202.08262,-0.00345554086379707,-0.00174050882924348,8.22767106001265e-06
1743528202.08762,-0.0017102116253227,4.82044697491801e-06,8.22767106001265e-06
1743528202.09262,-0.00345554086379707,-0.00348583795130253,8.22767106001265e-06
1743528202.09762,-0.0017102116253227,-0.00174050882924348,8.22767106001265e-06
1743528202.10263,-0.0017102116253227,4.82044697491801e-06,8.22767106001265e-06
1743528202.10763,-0.0017102116253227,0.00349547900259495,-0.00173710158560425
1743528202.11263,-0.00520086986944079,4.82044697491801e-06,8.22767106001265e-06
1743528202.11763,-0.00520086986944079,4.82044697491801e-06,8.22767106001265e-06
1743528202.12263,-0.0017102116253227,-0.00174050882924348,8.22767106001265e-06
1743528202.12763,-0.00345554086379707,4.82044697491801e-06,8.22767106001265e-06
1743528202.13263,-0.0017102116253227,-0.00174050882924348,-0.0034824307076633
1743528202.13764,-0.0017102116253227,4.82044697491801e-06,8.22767106001265e-06
1743528202.14264,-0.0017102116253227,4.82044697491801e-06,8.22767106001265e-06
1743528202.14764,-0.00520086986944079,-0.00348583795130253,-0.00173710158560425
1743528202.15264,-0.0017102116253227,-0.00174050882924348,8.22767106001265e-06
1743528202.15764,-0.00520086986944079,4.82044697491801e-06,0.00175355689134449
1743528202.16264,3.51176349795423e-05,0.00349547900259495,8.22767106001265e-06
1743528202.16764,-0.0017102116253227,0.00175014964770526,-0.00173710158560425
1743528202.17265,-0.00345554086379707,0.00175014964770526,-0.00173710158560425
1743528202.17765,-0.0017102116253227,4.82044697491801e-06,0.00175355689134449
1743528202.18265,-0.00520086986944079,4.82044697491801e-06,8.22767106001265e-06
1743528202.18765,-0.00694619910791516,-0.00348583795130253,8.22767106001265e-06
1743528202.19265,-0.0017102116253227,4.82044697491801e-06,8.22767106001265e-06
1743528202.19765,-0.00345554086379707,4.82044697491801e-06,8.22767106001265e-06
1743528202.20265,-0.00345554086379707,4.82044697491801e-06,8.22767106001265e-06
1743528202.20766,3.51176349795423e-05,4.82044697491801e-06,-0.00173710158560425
1743528214.3762,-0.00345554086379707,4.82044697491801e-06,8.22767106001265e-06
1743528214.3812,-0.00520086986944079,4.82044697491801e-06,8.22767106001265e-06
1743528214.3862,-0.00345554086379707,0.00349547900259495,8.22767106001265e-06
1743528214.3912,-0.00345554086379707,-0.00348583795130253,-0.00173710158560425
1743528214.3962,-0.0017102116253227,4.82044697491801e-06,8.22767106001265e-06
1743528214.40121,-0.00345554086379707,4.82044697491801e-06,8.22767106001265e-06
1743528214.40621,-0.0017102116253227,0.00175014964770526,-0.00173710158560425
1743528214.41121,-0.0017102116253227,0.00175014964770526,8.22767106001265e-06
1743528214.41621,-0.00345554086379707,0.00175014964770526,-0.00173710158560425
1743528214.42121,-0.0017102116253227,4.82044697491801e-06,0.00175355689134449
1743528214.42621,-0.0017102116253227,0.00175014964770526,-0.0034824307076633
1743528214.43121,-0.0017102116253227,4.82044697491801e-06,8.22767106001265e-06
1743528214.43622,3.51176349795423e-05,4.82044697491801e-06,0.00175355689134449
1743528214.44122,-0.0017102116253227,0.00175014964770526,-0.00173710158560425
1743528214.44622,-0.00520086986944079,0.00349547900259495,-0.00173710158560425
1743528214.45122,-0.0017102116253227,4.82044697491801e-06,8.22767106001265e-06
1743528214.45622,-0.00345554086379707,4.82044697491801e-06,8.22767106001265e-06
1743528214.46122,-0.00520086986944079,-0.00348583795130253,8.22767106001265e-06
1743528214.46622,-0.00520086986944079,-0.00174050882924348,0.00175355689134449
1743528214.47139,-0.00345554086379707,0.00175014964770526,-0.00173710158560425
1743528214.47658,-0.0017102116253227,0.00175014964770526,8.22767106001265e-06
1743528214.48181,-0.00520086986944079,4.82044697491801e-06,-0.0034824307076633
1743528214.48706,3.51176349795423e-05,-0.00174050882924348,-0.0034824307076633
1743528214.49235,-0.00345554086379707,4.82044697491801e-06,-0.00173710158560425
1743528214.49766,-0.00520086986944079,-0.00174050882924348,0.00175355689134449
1743528214.503,-0.0017102116253227,4.82044697491801e-06,8.22767106001265e-06
1743528214.50838,3.51176349795423e-05,4.82044697491801e-06,-0.00173710158560425
1743528214.51379,-0.00345554086379707,4.82044697491801e-06,-0.0034824307076633
1743528214.51922,-0.00345554086379707,-0.00174050882924348,8.22767106001265e-06
1743528214.52469,-0.00345554086379707,4.82044697491801e-06,8.22767106001265e-06
1743528214.53018,-0.0017102116253227,4.82044697491801e-06,8.22767106001265e-06
1743528214.53571,-0.00345554086379707,0.00349547900259495,-0.00173710158560425
1743528214.54127,-0.0017102116253227,4.82044697491801e-06,-0.00173710158560425
1743528214.54685,-0.00345554086379707,4.82044697491801e-06,8.22767106001265e-06
1743528214.55247,-0.00345554086379707,4.82044697491801e-06,-0.0034824307076633
1743528214.55811,3.51176349795423e-05,4.82044697491801e-06,8.22767106001265e-06
1743528214.56379,-0.00345554086379707,4.82044697491801e-06,-0.00173710158560425
1743528214.5695,-0.00345554086379707,-0.00174050882924348,0.00175355689134449
1743528214.57524,-0.0017102116253227,4.82044697491801e-06,-0.0034824307076633
1743528214.58096,-0.00345554086379707,4.82044697491801e-06,8.22767106001265e-06
1743528214.58644,-0.00520086986944079,4.82044697491801e-06,8.22767106001265e-06
1743528214.59193,3.51176349795423e-05,0.00175014964770526,8.22767106001265e-06
1743528214.59744,-0.00520086986944079,4.82044697491801e-06,8.22767106001265e-06
1743528214.60295,-0.00345554086379707,-0.00174050882924348,8.22767106001265e-06
1743528214.60848,3.51176349795423e-05,4.82044697491801e-06,-0.0034824307076633
1743528214.61402,-0.0017102116253227,0.00349547900259495,8.22767106001265e-06
1743528214.61958,-0.00345554086379707,4.82044697491801e-06,8.22767106001265e-06
1743528214.62514,-0.00520086986944079,-0.00348583795130253,0.00175355689134449
1743528214.63072,-0.00345554086379707,0.00175014964770526,8.22767106001265e-06
1743528214.63631,-0.0017102116253227,4.82044697491801e-06,8.22767106001265e-06
1743528214.64191,-0.0017102116253227,4.82044697491801e-06,8.22767106001265e-06
1743528214.64752,-0.00345554086379707,4.82044697491801e-06,8.22767106001265e-06
1743528214.65315,-0.00345554086379707,4.82044697491801e-06,-0.00173710158560425
1743528214.65878,-0.00345554086379707,4.82044697491801e-06,0.00175355689134449
1743528214.66443,-0.00345554086379707,4.82044697491801e-06,-0.0034824307076633
1743528214.67009,-0.0017102116253227,4.82044697491801e-06,8.22767106001265e-06
1743528214.67576,-0.00520086986944079,0.00175014964770526,-0.00173710158560425
1743528214.68145,-0.00345554086379707,4.82044697491801e-06,8.22767106001265e-06
1743528214.68714,-0.00520086986944079,-0.00348583795130253,8.22767106001265e-06
1743528214.69285,-0.00345554086379707,4.82044697491801e-06,8.22767106001265e-06
1743528214.6984,-0.0017102116253227,0.00175014964770526,8.22767106001265e-06
1743528214.70395,-0.00520086986944079,-0.00174050882924348,8.22767106001265e-06
1743528214.70951,-0.00345554086379707,4.82044697491801e-06,8.22767106001265e-06
1743528214.71507,3.51176349795423e-05,-0.00174050882924348,0.00175355689134449
1743528214.72063,-0.0017102116253227,-0.0052311671897769,8.22767106001265e-06
1743528214.7262,-0.00694619910791516,4.82044697491801e-06,8.22767106001265e-06
1743528214.73178,-0.0017102116253227,-0.00174050882924348,8.22767106001265e-06
1743528214.73736,-0.0017102116253227,4.82044697491801e-06,-0.00173710158560425
1743528214.74294,-0.00345554086379707,4.82044697491801e-06,8.22767106001265e-06
1743528214.74853,-0.00345554086379707,4.82044697491801e-06,-0.00173710158560425
1743528214.75413,-0.00520086986944079,0.00698613747954369,8.22767106001265e-06
1743528214.75973,-0.0017102116253227,-0.00174050882924348,8.22767106001265e-06
1743528214.76533,3.51176349795423e-05,4.82044697491801e-06,8.22767106001265e-06
1743528214.77094,-0.00345554086379707,0.00349547900259495,-0.00173710158560425
1743528214.77655,-0.0017102116253227,-0.0052311671897769,0.00349888624623418
1743528214.78217,-0.00520086986944079,-0.00348583795130253,-0.0034824307076633
1743528214.78779,-0.0017102116253227,-0.00174050882924348,8.22767106001265e-06
1743528214.79342,3.51176349795423e-05,4.82044697491801e-06,0.00175355689134449
1743528214.79905,-0.00520086986944079,4.82044697491801e-06,8.22767106001265e-06
1743528214.80469,-0.0017102116253227,-0.00348583795130253,8.22767106001265e-06
1743528214.81022,-0.00694619910791516,-0.0052311671897769,8.22767106001265e-06
1743528214.81576,-0.0017102116253227,4.82044697491801e-06,8.22767106001265e-06
1743528214.82129,-0.00520086986944079,0.00349547900259495,8.22767106001265e-06
1743528214.82683,-0.00345554086379707,-0.00174050882924348,-0.0034824307076633
1743528214.83237,3.51176349795423e-05,4.82044697491801e-06,8.22767106001265e-06
1743528214.83791,-0.00694619910791516,0.00349547900259495,-0.00173710158560425
1743528214.84345,-0.00345554086379707,0.00175014964770526,8.22767106001265e-06
1743528214.84899,-0.00345554086379707,-0.00174050882924348,-0.00173710158560425
1743528214.85453,-0.00520086986944079,4.82044697491801e-06,0.00175355689134449
1743528214.86008,-0.0017102116253227,4.82044697491801e-06,8.22767106001265e-06
1743528214.86562,-0.00345554086379707,4.82044697491801e-06,8.22767106001265e-06
1743528214.87117,-0.0017102116253227,0.00349547900259495,-0.00522775994613767
1743528214.87672,-0.00345554086379707,4.82044697491801e-06,0.00524421548470855
1743528214.88227,-0.0017102116253227,-0.00174050882924348,8.22767106001265e-06
1743528214.88782,-0.00345554086379707,-0.00174050882924348,8.22767106001265e-06
1743528214.89337,-0.00345554086379707,4.82044697491801e-06,-0.00173710158560425
1743528214.89893,-0.00345554086379707,0.00349547900259495,-0.00173710158560425
1743528214.90448,-0.00520086986944079,4.82044697491801e-06,8.22767106001265e-06
1743528214.91004,-0.00345554086379707,-0.00348583795130253,8.22767106001265e-06
1743528214.91559,-0.00694619910791516,-0.00174050882924348,8.22767106001265e-06
1743528214.92108,-0.0017102116253227,4.82044697491801e-06,8.22767106001265e-06
1743528214.92657,-0.00345554086379707,4.82044697491801e-06,8.22767106001265e-06
1743528214.93205,-0.00520086986944079,0.00524080824106932,8.22767106001265e-06
1743528214.93754,-0.00345554086379707,4.82044697491801e-06,-0.00173710158560425
1743528214.94302,-0.0017102116253227,0.00349547900259495,8.22767106001265e-06
1743528214.9485,-0.00345554086379707,4.82044697491801e-06,-0.0034824307076633
1743528214.95399,-0.00520086986944079,4.82044697491801e-06,-0.00173710158560425
1743528214.95947,-0.00345554086379707,4.82044697491801e-06,0.00175355689134449
1743528214.96495,-0.00345554086379707,4.82044697491801e-06,-0.00173710158560425
1743528214.97043,-0.00345554086379707,0.00175014964770526,-0.0034824307076633
1743528214.97591,-0.0017102116253227,4.82044697491801e-06,8.22767106001265e-06
1743528214.98139,-0.00520086986944079,4.82044697491801e-06,8.22767106001265e-06
1743528214.98687,3.51176349795423e-05,-0.00174050882924348,8.22767106001265e-06
1743528214.99235,-0.00345554086379707,4.82044697491801e-06,8.22767106001265e-06
1743528214.99783,-0.00694619910791516,0.00175014964770526,-0.00173710158560425
1743528215.0033,3.51176349795423e-05,4.82044697491801e-06,8.22767106001265e-06
1743528215.00878,-0.00345554086379707,0.00175014964770526,-0.00173710158560425
1743528215.01426,-0.00345554086379707,0.00349547900259495,-0.0034824307076633
1743528215.01973,3.51176349795423e-05,-0.00348583795130253,8.22767106001265e-06
1743528215.02521,-0.00345554086379707,4.82044697491801e-06,8.22767106001265e-06
1743528215.03068,-0.00520086986944079,4.82044697491801e-06,8.22767106001265e-06
1743528215.03611,3.51176349795423e-05,4.82044697491801e-06,-0.0034824307076633
1743528215.04153,3.51176349795423e-05,0.00349547900259495,8.22767106001265e-06
1743528215.04696,-0.0017102116253227,0.00175014964770526,8.22767106001265e-06
1743528215.05238,-0.0017102116253227,-0.00174050882924348,8.22767106001265e-06
1743528215.0578,-0.00694619910791516,0.00175014964770526,8.22767106001265e-06
1743528215.06322,-0.0017102116253227,4.82044697491801e-06,-0.0034824307076633
1743528215.06864,-0.0017102116253227,0.00175014964770526,8.22767106001265e-06
1743528215.07405,-0.0017102116253227,4.82044697491801e-06,0.00175355689134449
1743528215.07947,-0.0017102116253227,4.82044697491801e-06,8.22767106001265e-06
1743528215.08488,-0.00520086986944079,4.82044697491801e-06,0.00175355689134449
1743528215.09029,-0.00345554086379707,0.00349547900259495,-0.00173710158560425
1743528215.0957,-0.0017102116253227,4.82044697491801e-06,8.22767106001265e-06
1743528215.10111,-0.0017102116253227,4.82044697491801e-06,8.22767106001265e-06
1743528215.10651,-0.0017102116253227,4.82044697491801e-06,0.00349888624623418
1743528215.11192,-0.00520086986944079,4.82044697491801e-06,8.22767106001265e-06
1743528215.11732,-0.00345554086379707,4.82044697491801e-06,8.22767106001265e-06
1743528215.12272,-0.00520086986944079,4.82044697491801e-06,-0.00173710158560425
1743528215.12812,3.51176349795423e-05,-0.00174050882924348,-0.00173710158560425
1743528215.13352,-0.00520086986944079,4.82044697491801e-06,8.22767106001265e-06
1743528215.13891,-0.0017102116253227,4.82044697491801e-06,-0.00173710158560425
1743528215.14428,-0.0017102116253227,0.00175014964770526,0.00349888624623418
1743528215.14964,-0.00345554086379707,4.82044697491801e-06,-0.00173710158560425
1743528215.155,-0.0017102116253227,4.82044697491801e-06,8.22767106001265e-06
1743528215.16036,-0.00345554086379707,0.00349547900259495,-0.00173710158560425
1743528215.16572,3.51176349795423e-05,4.82044697491801e-06,8.22767106001265e-06
1743528215.17107,-0.00520086986944079,4.82044697491801e-06,8.22767106001265e-06
1743528215.17642,-0.0017102116253227,4.82044697491801e-06,0.00175355689134449
1743528215.18177,-0.0017102116253227,4.82044697491801e-06,0.00175355689134449
1743528215.18712,-0.00345554086379707,4.82044697491801e-06,0.00175355689134449
1743528215.19246,-0.00345554086379707,4.82044697491801e-06,8.22767106001265e-06
1743528215.19781,-0.00520086986944079,-0.00174050882924348,8.22767106001265e-06
1743528215.20315,-0.00520086986944079,4.82044697491801e-06,8.22767106001265e-06
1743528215.20849,-0.00520086986944079,4.82044697491801e-06,-0.00522775994613767
1743528215.21382,-0.00520086986944079,4.82044697491801e-06,8.22767106001265e-06
1743528215.21916,-0.00345554086379707,-0.00348583795130253,8.22767106001265e-06
1743528215.22449,-0.00345554086379707,0.00175014964770526,8.22767106001265e-06
1743528215.22982,-0.0017102116253227,4.82044697491801e-06,8.22767106001265e-06
1743528215.23515,-0.00345554086379707,4.82044697491801e-06,8.22767106001265e-06
1743528215.24048,-0.0017102116253227,-0.00174050882924348,8.22767106001265e-06
1743528215.2458,-0.00520086986944079,4.82044697491801e-06,8.22767106001265e-06
1743528215.2511,-0.00345554086379707,4.82044697491801e-06,8.22767106001265e-06
1743528215.25641,-0.00520086986944079,4.82044697491801e-06,8.22767106001265e-06
1743528215.26171,-0.00345554086379707,0.00349547900259495,8.22767106001265e-06
1743528215.26701,-0.00345554086379707,0.00175014964770526,-0.00173710158560425
1743528215.2723,-0.00345554086379707,4.82044697491801e-06,0.00175355689134449
1743528215.27759,-0.0017102116253227,4.82044697491801e-06,0.00349888624623418
1743528215.28288,-0.0017102116253227,0.00524080824106932,-0.00871841888874769
1743528215.28817,-0.00345554086379707,0.00175014964770526,0.00175355689134449
1743528215.29346,-0.00520086986944079,0.00175014964770526,-0.00173710158560425
1743528215.29874,-0.00345554086379707,0.00175014964770526,-0.0034824307076633
1743528215.30402,-0.00345554086379707,4.82044697491801e-06,-0.00173710158560425
1743528215.3093,-0.00345554086379707,-0.00174050882924348,-0.00173710158560425
1743528215.31457,-0.00520086986944079,-0.00174050882924348,8.22767106001265e-06
1743528215.31985,-0.00345554086379707,-0.00174050882924348,8.22767106001265e-06
1743528215.32512,-0.00345554086379707,4.82044697491801e-06,8.22767106001265e-06
1743528215.33039,-0.0017102116253227,4.82044697491801e-06,-0.00522775994613767
1743528215.33565,-0.00345554086379707,4.82044697491801e-06,8.22767106001265e-06
1743528215.34091,-0.00520086986944079,4.82044697491801e-06,-0.00173710158560425
1743528215.34618,-0.00520086986944079,-0.00174050882924348,8.22767106001265e-06
1743528215.35143,-0.0017102116253227,-0.00872182566672564,0.00175355689134449
1743528215.35669,-0.00345554086379707,4.82044697491801e-06,8.22767106001265e-06
1743528215.36194,-0.00345554086379707,-0.00174050882924348,8.22767106001265e-06
1743528215.36718,-0.00520086986944079,4.82044697491801e-06,8.22767106001265e-06
1743528215.37242,-0.00520086986944079,4.82044697491801e-06,8.22767106001265e-06
1743528215.37766,-0.00345554086379707,4.82044697491801e-06,8.22767106001265e-06
1743528215.3829,-0.00345554086379707,4.82044697491801e-06,8.22767106001265e-06
1743528215.38813,-0.00345554086379707,4.82044697491801e-06,8.22767106001265e-06
1743528215.39337,-0.00520086986944079,4.82044697491801e-06,-0.00173710158560425
1743528215.39859,-0.0017102116253227,4.82044697491801e-06,-0.00173710158560425
1743528215.40382,-0.00345554086379707,4.82044697491801e-06,8.22767106001265e-06
1743528215.40904,-0.00345554086379707,-0.00174050882924348,-0.0034824307076633
1743528215.41427,-0.0017102116253227,-0.00174050882924348,0.00175355689134449
1743528215.41948,-0.00520086986944079,0.00349547900259495,8.22767106001265e-06
1743528215.4247,-0.00345554086379707,4.82044697491801e-06,8.22767106001265e-06
1743528215.42991,-0.00345554086379707,4.82044697491801e-06,-0.00173710158560425
1743528215.43513,3.51176349795423e-05,4.82044697491801e-06,8.22767106001265e-06
1743528215.44033,-0.00520086986944079,4.82044697491801e-06,0.00175355689134449
1743528215.44554,-0.00345554086379707,4.82044697491801e-06,8.22767106001265e-06
1743528215.45074,-0.00345554086379707,0.00349547900259495,-0.00173710158560425
1743528215.45594,3.51176349795423e-05,4.82044697491801e-06,8.22767106001265e-06
1743528215.46114,-0.00345554086379707,4.82044697491801e-06,8.22767106001265e-06
1743528215.46634,-0.0017102116253227,4.82044697491801e-06,8.22767106001265e-06
1743528215.47153,-0.0017102116253227,4.82044697491801e-06,8.22767106001265e-06
1743528215.47672,3.51176349795423e-05,4.82044697491801e-06,-0.00173710158560425
1743528215.48191,3.51176349795423e-05,0.00175014964770526,-0.00173710158560425
1743528215.4871,-0.00520086986944079,0.00349547900259495,8.22767106001265e-06
1743528215.49228,-0.0017102116253227,-0.00174050882924348,8.22767106001265e-06
1743528215.49746,-0.00520086986944079,-0.0052311671897769,8.22767106001265e-06
1743528215.50264,3.51176349795423e-05,4.82044697491801e-06,8.22767106001265e-06
1743528215.50781,-0.00520086986944079,4.82044697491801e-06,0.00175355689134449
1743528215.51299,-0.00345554086379707,4.82044697491801e-06,8.22767106001265e-06
1743528215.51816,-0.0017102116253227,4.82044697491801e-06,0.00175355689134449
1743528215.52332,-0.00520086986944079,-0.0052311671897769,0.00175355689134449
1743528215.52849,-0.0017102116253227,4.82044697491801e-06,8.22767106001265e-06
1743528215.53365,-0.00520086986944079,-0.00174050882924348,-0.0034824307076633
1743528215.53881,-0.00345554086379707,4.82044697491801e-06,8.22767106001265e-06
1743528215.54397,-0.0017102116253227,4.82044697491801e-06,-0.00173710158560425
1743528215.54912,-0.00520086986944079,0.00349547900259495,8.22767106001265e-06
1743528215.55428,-0.00520086986944079,4.82044697491801e-06,8.22767106001265e-06
1743528215.55943,-0.00345554086379707,-0.00348583795130253,8.22767106001265e-06
1743528215.56457,-0.0017102116253227,4.82044697491801e-06,8.22767106001265e-06
1743528215.56972,-0.00345554086379707,4.82044697491801e-06,-0.00173710158560425
1743528215.57487,-0.0017102116253227,4.82044697491801e-06,0.00175355689134449
1743528215.58002,3.51176349795423e-05,0.00349547900259495,-0.00173710158560425
1743528215.58516,-0.00694619910791516,4.82044697491801e-06,8.22767106001265e-06
1743528215.5903,-0.00345554086379707,0.00175014964770526,8.22767106001265e-06
1743528215.59544,-0.0017102116253227,4.82044697491801e-06,8.22767106001265e-06
1743528215.60057,-0.00520086986944079,4.82044697491801e-06,-0.00173710158560425
1743528215.60571,-0.00520086986944079,-0.00174050882924348,-0.00173710158560425
1743528215.61084,-0.0017102116253227,-0.00174050882924348,8.22767106001265e-06
1743528215.61596,-0.00345554086379707,4.82044697491801e-06,8.22767106001265e-06
1743528215.62109,-0.00520086986944079,-0.00348583795130253,8.22767106001265e-06
1743528215.62621,-0.00345554086379707,0.00175014964770526,8.22767106001265e-06
1743528215.63133,3.51176349795423e-05,0.00175014964770526,8.22767106001265e-06
1743528215.63645,-0.00345554086379707,0.00349547900259495,-0.00173710158560425
1743528215.64156,-0.0017102116253227,-0.00174050882924348,8.22767106001265e-06
1743528215.64668,-0.00345554086379707,4.82044697491801e-06,-0.00173710158560425
1743528215.65179,-0.0017102116253227,4.82044697491801e-06,8.22767106001265e-06
1743528215.65689,-0.00345554086379707,4.82044697491801e-06,8.22767106001265e-06
1743528215.662,-0.00345554086379707,0.00349547900259495,8.22767106001265e-06
1743528215.6671,-0.0017102116253227,-0.00174050882924348,0.00175355689134449
1743528215.6722,-0.0017102116253227,4.82044697491801e-06,-0.00173710158560425
1743528215.67731,-0.00520086986944079,4.82044697491801e-06,8.22767106001265e-06
1743528215.68242,-0.00345554086379707,4.82044697491801e-06,-0.0034824307076633
1743528215.68752,-0.00345554086379707,0.00175014964770526,8.22767106001265e-06
1743528215.69262,-0.00345554086379707,0.00175014964770526,8.22767106001265e-06
1743528215.69772,-0.00520086986944079,4.82044697491801e-06,-0.00173710158560425
1743528215.70282,-0.00345554086379707,0.00175014964770526,-0.0034824307076633
1743528215.70791,-0.0017102116253227,0.00175014964770526,-0.00173710158560425
1743528215.713,-0.00345554086379707,0.00349547900259495,-0.00173710158560425
1743528215.71809,3.51176349795423e-05,4.82044697491801e-06,-0.00173710158560425
1743528215.72318,-0.00520086986944079,0.00175014964770526,8.22767106001265e-06
1743528215.72827,-0.0017102116253227,-0.00174050882924348,8.22767106001265e-06
1743528215.73335,-0.00345554086379707,4.82044697491801e-06,-0.00173710158560425
1743528215.73843,-0.0017102116253227,4.82044697491801e-06,8.22767106001265e-06
1743528215.74351,-0.0017102116253227,4.82044697491801e-06,8.22767106001265e-06
1743528215.74858,-0.00345554086379707,4.82044697491801e-06,8.22767106001265e-06
1743528215.75365,-0.00345554086379707,4.82044697491801e-06,8.22767106001265e-06
1743528215.75872,-0.00520086986944079,4.82044697491801e-06,0.00175355689134449
1743528215.76379,-0.00520086986944079,0.00175014964770526,8.22767106001265e-06
1743528215.76886,-0.00345554086379707,0.00175014964770526,8.22767106001265e-06
1743528215.77392,-0.00345554086379707,0.00175014964770526,-0.0034824307076633
1743528215.77899,-0.00345554086379707,0.00175014964770526,-0.00173710158560425
1743528215.78406,-0.0017102116253227,4.82044697491801e-06,-0.0034824307076633
1743528215.78913,-0.00345554086379707,0.00349547900259495,8.22767106001265e-06
1743528215.7942,3.51176349795423e-05,4.82044697491801e-06,-0.00173710158560425
1743528215.79927,-0.00520086986944079,0.00175014964770526,-0.0034824307076633
1743528215.80433,-0.0017102116253227,4.82044697491801e-06,8.22767106001265e-06
1743528215.80939,3.51176349795423e-05,0.00349547900259495,8.22767106001265e-06
1743528215.81445,-0.0017102116253227,4.82044697491801e-06,-0.00173710158560425
1743528215.8195,-0.0017102116253227,4.82044697491801e-06,8.22767106001265e-06
1743528215.82456,-0.00520086986944079,0.00349547900259495,-0.00173710158560425
1743528215.82961,-0.00345554086379707,4.82044697491801e-06,8.22767106001265e-06
1743528215.83465,3.51176349795423e-05,4.82044697491801e-06,-0.00173710158560425
1743528215.8397,-0.00345554086379707,4.82044697491801e-06,8.22767106001265e-06
1743528215.84474,-0.00345554086379707,4.82044697491801e-06,8.22767106001265e-06
1743528215.84979,-0.00520086986944079,-0.00174050882924348,8.22767106001265e-06
1743528215.85483,-0.0017102116253227,4.82044697491801e-06,8.22767106001265e-06
1743528215.85986,-0.00345554086379707,-0.00174050882924348,-0.00173710158560425
1743528215.8649,-0.0017102116253227,-0.00174050882924348,8.22767106001265e-06
1743528215.86993,-0.00345554086379707,4.82044697491801e-06,-0.00173710158560425
1743528215.87496,3.51176349795423e-05,4.82044697491801e-06,8.22767106001265e-06
1743528215.88,-0.0017102116253227,0.00175014964770526,8.22767106001265e-06
1743528215.88504,3.51176349795423e-05,-0.00174050882924348,0.00349888624623418
1743528215.89008,-0.00694619910791516,-0.0052311671897769,8.22767106001265e-06
1743528215.89512,-0.0017102116253227,-0.0052311671897769,8.22767106001265e-06
1743528215.90016,-0.00520086986944079,4.82044697491801e-06,-0.00173710158560425
1743528215.90519,-0.00345554086379707,-0.00348583795130253,0.00175355689134449
1743528215.91022,-0.00345554086379707,-0.00174050882924348,8.22767106001265e-06
1743528215.91525,3.51176349795423e-05,4.82044697491801e-06,0.00175355689134449
1743528215.92027,-0.00520086986944079,4.82044697491801e-06,8.22767106001265e-06
1743528215.9253,-0.00345554086379707,-0.00348583795130253,0.00175355689134449
1743528215.93032,-0.00345554086379707,0.00524080824106932,-0.0034824307076633
1743528215.93534,-0.0017102116253227,4.82044697491801e-06,8.22767106001265e-06
1743528215.94036,-0.00520086986944079,-0.00174050882924348,-0.00173710158560425
1743528215.94537,3.51176349795423e-05,4.82044697491801e-06,8.22767106001265e-06
1743528215.95039,-0.0017102116253227,4.82044697491801e-06,-0.00173710158560425
1743528215.9554,-0.00520086986944079,-0.00174050882924348,8.22767106001265e-06
1743528215.96041,-0.00520086986944079,-0.00348583795130253,0.00175355689134449
1743528215.96541,-0.00520086986944079,0.00349547900259495,-0.00173710158560425
1743528215.97042,-0.0017102116253227,-0.00174050882924348,8.22767106001265e-06
1743528215.97542,-0.00345554086379707,4.82044697491801e-06,8.22767106001265e-06
1743528215.98042,-0.0017102116253227,4.82044697491801e-06,8.22767106001265e-06
1743528215.98542,-0.0017102116253227,0.00175014964770526,0.00175355689134449
1743528215.99041,-0.0017102116253227,4.82044697491801e-06,-0.0034824307076633
1743528215.9954,-0.00345554086379707,4.82044697491801e-06,8.22767106001265e-06
1743528216.00039,-0.0017102116253227,4.82044697491801e-06,-0.00173710158560425
1743528216.00538,-0.00345554086379707,4.82044697491801e-06,0.00175355689134449
1743528216.01037,-0.00345554086379707,4.82044697491801e-06,-0.00173710158560425
1743528216.01535,-0.00345554086379707,4.82044697491801e-06,8.22767106001265e-06
1743528216.02034,-0.00345554086379707,4.82044697491801e-06,8.22767106001265e-06
1743528216.02532,-0.00520086986944079,4.82044697491801e-06,8.22767106001265e-06
1743528216.03029,-0.0017102116253227,-0.00348583795130253,0.00175355689134449
1743528216.03527,-0.00520086986944079,0.00175014964770526,8.22767106001265e-06
1743528216.04024,-0.00345554086379707,4.82044697491801e-06,-0.00173710158560425
1743528216.04521,-0.00520086986944079,4.82044697491801e-06,8.22767106001265e-06
1743528216.05018,-0.00345554086379707,-0.00174050882924348,-0.00173710158560425
1743528216.05515,-0.0017102116253227,-0.00348583795130253,0.00175355689134449
1743528216.06011,-0.00694619910791516,-0.00174050882924348,-0.0034824307076633
1743528216.06508,-0.00345554086379707,-0.00174050882924348,8.22767106001265e-06
1743528216.07003,-0.00345554086379707,0.00175014964770526,-0.00173710158560425
1743528216.07499,-0.00345554086379707,4.82044697491801e-06,8.22767106001265e-06
1743528216.07995,-0.00520086986944079,4.82044697491801e-06,8.22767106001265e-06
1743528216.0849,-0.00345554086379707,-0.00348583795130253,-0.00173710158560425
1743528216.08985,-0.00345554086379707,4.82044697491801e-06,8.22767106001265e-06
1743528216.0948,-0.00520086986944079,-0.00174050882924348,-0.00173710158560425
1743528216.09975,3.51176349795423e-05,4.82044697491801e-06,8.22767106001265e-06
1743528216.10469,-0.00520086986944079,-0.00174050882924348,8.22767106001265e-06
1743528216.10963,-0.0017102116253227,4.82044697491801e-06,8.22767106001265e-06
1743528216.11458,-0.00520086986944079,4.82044697491801e-06,-0.0034824307076633
1743528216.11951,-0.00345554086379707,-0.0052311671897769,8.22767106001265e-06
1743528216.12445,-0.00345554086379707,4.82044697491801e-06,-0.0034824307076633
1743528216.12938,-0.0017102116253227,0.00175014964770526,-0.00173710158560425
1743528216.13431,-0.00520086986944079,4.82044697491801e-06,8.22767106001265e-06
1743528216.13924,-0.00345554086379707,-0.0052311671897769,8.22767106001265e-06
1743528216.14417,-0.00520086986944079,0.00524080824106932,8.22767106001265e-06
1743528216.14909,-0.00345554086379707,4.82044697491801e-06,-0.00173710158560425
1743528216.15401,-0.00520086986944079,0.00175014964770526,-0.00173710158560425
1743528216.15894,-0.00520086986944079,4.82044697491801e-06,-0.00173710158560425
1743528216.16385,-0.00345554086379707,4.82044697491801e-06,8.22767106001265e-06
1743528216.16877,-0.0017102116253227,-0.00174050882924348,8.22767106001265e-06
1743528216.17368,3.51176349795423e-05,4.82044697491801e-06,8.22767106001265e-06
1743528216.17859,-0.0017102116253227,0.00349547900259495,-0.00522775994613767
1743528216.1835,-0.00345554086379707,4.82044697491801e-06,8.22767106001265e-06
1743528216.18841,-0.00345554086379707,4.82044697491801e-06,8.22767106001265e-06
1743528216.19331,-0.0017102116253227,4.82044697491801e-06,8.22767106001265e-06
1743528216.19822,-0.00520086986944079,0.00175014964770526,-0.00173710158560425
1743528216.20312,-0.00694619910791516,-0.00174050882924348,8.22767106001265e-06
1743528216.20801,-0.00345554086379707,-0.00174050882924348,8.22767106001265e-06
1743528216.21291,-0.00520086986944079,4.82044697491801e-06,8.22767106001265e-06
1743528216.2178,-0.00345554086379707,4.82044697491801e-06,-0.00173710158560425
1743528216.2227,-0.00345554086379707,-0.00348583795130253,8.22767106001265e-06
1743528216.22758,3.51176349795423e-05,4.82044697491801e-06,8.22767106001265e-06
1743528216.23247,-0.00520086986944079,4.82044697491801e-06,8.22767106001265e-06
1743528216.23736,-0.00345554086379707,4.82044697491801e-06,8.22767106001265e-06
1743528216.24224,-0.00345554086379707,4.82044697491801e-06,8.22767106001265e-06
1743528216.24712,-0.0017102116253227,4.82044697491801e-06,8.22767106001265e-06
1743528216.252,-0.00345554086379707,4.82044697491801e-06,8.22767106001265e-06
1743528216.25687,-0.00345554086379707,0.00175014964770526,8.22767106001265e-06
1743528216.26175,-0.00345554086379707,4.82044697491801e-06,-0.00173710158560425
1743528216.26662,-0.00520086986944079,4.82044697491801e-06,0.00175355689134449
1743528216.27149,-0.00345554086379707,4.82044697491801e-06,-0.00173710158560425
1743528216.27635,-0.00345554086379707,4.82044697491801e-06,0.00175355689134449
1743528216.28122,-0.00520086986944079,4.82044697491801e-06,-0.0034824307076633
1743528216.28608,-0.00345554086379707,-0.00348583795130253,0.00175355689134449
1743528216.29094,-0.00520086986944079,4.82044697491801e-06,-0.00173710158560425
1743528216.2958,3.51176349795423e-05,4.82044697491801e-06,-0.00173710158560425
1743528216.30065,-0.0017102116253227,4.82044697491801e-06,-0.00173710158560425
1743528216.30551,-0.0017102116253227,-0.00174050882924348,-0.00173710158560425
1743528216.31036,-0.00520086986944079,-0.00174050882924348,-0.00173710158560425
1743528216.31521,-0.00520086986944079,4.82044697491801e-06,-0.00173710158560425
1743528216.32006,-0.0017102116253227,4.82044697491801e-06,-0.00173710158560425
1743528216.3249,-0.00520086986944079,0.00175014964770526,-0.00173710158560425
1743528216.32974,3.51176349795423e-05,-0.00174050882924348,0.00175355689134449
1743528216.33458,-0.0017102116253227,0.00349547900259495,-0.0034824307076633
1743528216.33942,-0.00520086986944079,4.82044697491801e-06,8.22767106001265e-06
1743528216.34426,-0.0017102116253227,4.82044697491801e-06,-0.00173710158560425
1743528216.34909,-0.00520086986944079,-0.00174050882924348,-0.0034824307076633
1743528216.35392,-0.00345554086379707,4.82044697491801e-06,0.00175355689134449
1743528216.35875,-0.00345554086379707,4.82044697491801e-06,-0.00173710158560425
1743528216.36358,3.51176349795423e-05,0.00524080824106932,-0.00173710158560425
1743528216.36841,-0.00345554086379707,0.00349547900259495,8.22767106001265e-06
1743528216.37323,-0.0017102116253227,0.00349547900259495,-0.00173710158560425
1743528216.37805,3.51176349795423e-05,0.00175014964770526,8.22767106001265e-06
1743528216.38287,-0.00520086986944079,0.00349547900259495,-0.00173710158560425
1743528216.38768,-0.0017102116253227,4.82044697491801e-06,8.22767106001265e-06
1743528216.3925,-0.00345554086379707,-0.00174050882924348,-0.00173710158560425
1743528216.39731,-0.0017102116253227,4.82044697491801e-06,8.22767106001265e-06
1743528216.40212,-0.00345554086379707,4.82044697491801e-06,-0.0034824307076633
1743528216.40693,-0.00345554086379707,0.00175014964770526,0.00175355689134449
1743528216.41173,-0.00345554086379707,0.00175014964770526,8.22767106001265e-06
1743528216.41653,-0.00694619910791516,4.82044697491801e-06,8.22767106001265e-06
1743528216.42133,-0.00520086986944079,-0.00348583795130253,-0.00173710158560425
1743528216.42613,-0.00345554086379707,4.82044697491801e-06,8.22767106001265e-06
1743528216.43093,-0.00520086986944079,4.82044697491801e-06,-0.0034824307076633
1743528216.43572,-0.0017102116253227,0.00175014964770526,8.22767106001265e-06
1743528216.44051,-0.00694619910791516,4.82044697491801e-06,-0.00173710158560425
1743528216.4453,-0.00345554086379707,-0.00348583795130253,8.22767106001265e-06
1743528216.45009,-0.00520086986944079,-0.0052311671897769,8.22767106001265e-06
1743528216.45487,-0.00520086986944079,4.82044697491801e-06,8.22767106001265e-06
1743528216.45966,-0.0017102116253227,4.82044697491801e-06,8.22767106001265e-06
1743528216.46444,3.51176349795423e-05,0.00175014964770526,8.22767106001265e-06
1743528216.46922,-0.00345554086379707,4.82044697491801e-06,8.22767106001265e-06
1743528216.47399,-0.00345554086379707,0.00349547900259495,-0.00173710158560425
1743528216.47877,-0.00345554086379707,4.82044697491801e-06,8.22767106001265e-06
1743528216.48354,-0.00345554086379707,4.82044697491801e-06,8.22767106001265e-06
1743528216.48831,-0.0017102116253227,4.82044697491801e-06,8.22767106001265e-06
1743528216.49308,-0.0017102116253227,4.82044697491801e-06,8.22767106001265e-06
1743528216.49784,-0.00520086986944079,-0.00174050882924348,8.22767106001265e-06
1743528216.5026,-0.00345554086379707,-0.00174050882924348,8.22767106001265e-06
1743528216.50736,-0.00520086986944079,4.82044697491801e-06,8.22767106001265e-06
1743528216.51212,-0.0017102116253227,4.82044697491801e-06,8.22767106001265e-06
1743528216.51688,-0.00520086986944079,4.82044697491801e-06,8.22767106001265e-06
1743528216.52163,-0.00345554086379707,0.00175014964770526,0.00175355689134449
1743528216.52639,-0.0017102116253227,0.00175014964770526,-0.00173710158560425
1743528216.53114,3.51176349795423e-05,0.00349547900259495,-0.00173710158560425
1743528216.53588,-0.0017102116253227,4.82044697491801e-06,-0.00173710158560425
1743528216.54063,-0.00520086986944079,-0.00697649642825127,8.22767106001265e-06
1743528216.54537,-0.00520086986944079,-0.0052311671897769,8.22767106001265e-06
1743528216.55011,-0.00520086986944079,-0.00174050882924348,8.22767106001265e-06
1743528216.55485,-0.00345554086379707,-0.00348583795130253,8.22767106001265e-06
1743528216.55959,-0.0017102116253227,4.82044697491801e-06,8.22767106001265e-06
1743528216.56432,-0.00520086986944079,0.00524080824106932,8.22767106001265e-06
1743528216.56905,3.51176349795423e-05,0.00175014964770526,-0.00173710158560425
1743528216.57378,-0.00520086986944079,-0.00348583795130253,8.22767106001265e-06
1743528216.57851,3.51176349795423e-05,4.82044697491801e-06,-0.00173710158560425
1743528216.58324,-0.00345554086379707,4.82044697491801e-06,-0.0034824307076633
1743528216.58796,-0.00520086986944079,-0.00174050882924348,8.22767106001265e-06
1743528216.59268,-0.00345554086379707,-0.00348583795130253,-0.00173710158560425
1743528216.5974,-0.00520086986944079,4.82044697491801e-06,8.22767106001265e-06
1743528216.60212,-0.0017102116253227,4.82044697491801e-06,0.00175355689134449
1743528216.60683,3.51176349795423e-05,4.82044697491801e-06,8.22767106001265e-06
1743528216.61154,-0.00694619910791516,0.00349547900259495,8.22767106001265e-06
1743528216.61625,-0.00345554086379707,4.82044697491801e-06,8.22767106001265e-06
1743528216.62096,-0.00520086986944079,4.82044697491801e-06,-0.0034824307076633
1743528216.62566,-0.00520086986944079,4.82044697491801e-06,8.22767106001265e-06
1743528216.63037,-0.00520086986944079,0.00175014964770526,-0.00173710158560425
1743528216.63507,3.51176349795423e-05,4.82044697491801e-06,-0.00173710158560425
1743528216.63977,-0.00345554086379707,0.00175014964770526,-0.00173710158560425
1743528216.64446,-0.00520086986944079,-0.00174050882924348,8.22767106001265e-06
1743528216.64916,-0.00520086986944079,4.82044697491801e-06,8.22767106001265e-06
1743528216.65385,-0.00345554086379707,4.82044697491801e-06,-0.00173710158560425
1743528216.65854,-0.00345554086379707,-0.00174050882924348,0.00349888624623418
1743528216.66323,-0.00869152881205082,4.82044697491801e-06,-0.0034824307076633
1743528216.66791,3.51176349795423e-05,-0.00174050882924348,8.22767106001265e-06
1743528216.6726,-0.00345554086379707,4.82044697491801e-06,8.22767106001265e-06
1743528216.67728,-0.00520086986944079,4.82044697491801e-06,-0.00173710158560425
1743528216.68196,-0.00520086986944079,4.82044697491801e-06,8.22767106001265e-06
1743528216.68663,-0.0017102116253227,-0.00174050882924348,8.22767106001265e-06
1743528216.69131,-0.00345554086379707,4.82044697491801e-06,-0.0034824307076633
1743528216.69598,-0.0017102116253227,-0.00348583795130253,0.00175355689134449
1743528216.70065,-0.00520086986944079,-0.00348583795130253,-0.00173710158560425
1743528216.70532,-0.00520086986944079,-0.00348583795130253,-0.00173710158560425
1743528216.70998,-0.00520086986944079,4.82044697491801e-06,-0.00173710158560425
1743528216.71465,-0.00345554086379707,4.82044697491801e-06,-0.00173710158560425
1743528216.71931,-0.00520086986944079,4.82044697491801e-06,8.22767106001265e-06
1743528216.72397,3.51176349795423e-05,4.82044697491801e-06,8.22767106001265e-06
1743528216.72862,-0.0017102116253227,4.82044697491801e-06,8.22767106001265e-06
1743528216.73328,-0.00520086986944079,4.82044697491801e-06,-0.00173710158560425
1743528216.73793,3.51176349795423e-05,0.00349547900259495,8.22767106001265e-06
1743528216.74258,-0.00694619910791516,4.82044697491801e-06,-0.00173710158560425
1743528216.74723,-0.00345554086379707,4.82044697491801e-06,8.22767106001265e-06
1743528216.75187,-0.0017102116253227,0.00524080824106932,-0.0034824307076633
1743528216.75652,-0.0017102116253227,-0.00174050882924348,8.22767106001265e-06
1743528216.76116,-0.00520086986944079,4.82044697491801e-06,-0.0034824307076633
1743528216.7658,-0.0017102116253227,0.00349547900259495,-0.00173710158560425
1743528216.77043,-0.00520086986944079,-0.00348583795130253,8.22767106001265e-06
1743528216.77507,-0.00520086986944079,-0.00174050882924348,0.00349888624623418
1743528216.7797,-0.00694619910791516,4.82044697491801e-06,8.22767106001265e-06
1743528216.78433,-0.00345554086379707,0.00175014964770526,8.22767106001265e-06
1743528216.78896,3.51176349795423e-05,0.00175014964770526,-0.0034824307076633
1743528216.79358,-0.00869152881205082,-0.00348583795130253,0.00175355689134449
1743528216.79821,3.51176349795423e-05,4.82044697491801e-06,8.22767106001265e-06
1743528216.80283,3.51176349795423e-05,0.00175014964770526,-0.00173710158560425
1743528216.80745,-0.00345554086379707,0.00175014964770526,8.22767106001265e-06
1743528216.81207,3.51176349795423e-05,4.82044697491801e-06,0.00175355689134449
1743528216.81668,-0.00694619910791516,4.82044697491801e-06,8.22767106001265e-06
1743528216.82129,-0.0017102116253227,-0.00174050882924348,8.22767106001265e-06
1743528216.8259,-0.00345554086379707,0.00175014964770526,8.22767106001265e-06
1743528216.83051,-0.00345554086379707,4.82044697491801e-06,-0.00173710158560425
1743528216.83512,-0.00345554086379707,-0.00697649642825127,-0.00173710158560425
1743528216.83975,-0.00345554086379707,-0.00174050882924348,0.00175355689134449
1743528216.84477,-0.00520086986944079,-0.0052311671897769,8.22767106001265e-06
1743528216.84979,3.51176349795423e-05,0.00524080824106932,-0.00173710158560425
1743528216.85481,-0.00694619910791516,0.00349547900259495,8.22767106001265e-06
1743528216.85983,-0.00345554086379707,4.82044697491801e-06,8.22767106001265e-06
1743528216.86485,-0.00345554086379707,0.00175014964770526,8.22767106001265e-06
1743528216.86987,-0.00520086986944079,-0.00174050882924348,8.22767106001265e-06
1743528216.87489,-0.00345554086379707,4.82044697491801e-06,-0.00173710158560425
1743528216.87991,-0.00345554086379707,4.82044697491801e-06,0.00175355689134449
1743528216.88493,-0.00345554086379707,-0.0052311671897769,8.22767106001265e-06
1743528216.88995,-0.00345554086379707,4.82044697491801e-06,8.22767106001265e-06
1743528216.89497,-0.00345554086379707,4.82044697491801e-06,-0.00173710158560425
1743528216.89998,-0.0017102116253227,-0.00348583795130253,8.22767106001265e-06
1743528216.905,-0.00520086986944079,4.82044697491801e-06,-0.00173710158560425
1743528216.91002,-0.0017102116253227,4.82044697491801e-06,8.22767106001265e-06
1743528216.91504,-0.00520086986944079,0.00175014964770526,-0.0034824307076633
1743528216.92005,-0.0017102116253227,4.82044697491801e-06,0.00175355689134449
1743528216.92507,-0.00345554086379707,4.82044697491801e-06,-0.00173710158560425
1743528216.93009,3.51176349795423e-05,0.00349547900259495,8.22767106001265e-06
1743528216.9351,-0.00869152881205082,0.00175014964770526,-0.00173710158560425
1743528216.94012,-0.00345554086379707,-0.00348583795130253,0.00175355689134449
1743528216.94513,-0.00520086986944079,-0.00174050882924348,0.00175355689134449
1743528216.95015,-0.00520086986944079,0.00175014964770526,8.22767106001265e-06
1743528216.95516,-0.0017102116253227,4.82044697491801e-06,-0.00522775994613767
1743528216.96018,-0.00520086986944079,0.00349547900259495,8.22767106001265e-06
1743528216.96519,-0.00345554086379707,4.82044697491801e-06,8.22767106001265e-06
1743528216.9702,-0.0017102116253227,4.82044697491801e-06,-0.00173710158560425
1743528216.97522,-0.00345554086379707,4.82044697491801e-06,8.22767106001265e-06
1743528216.98023,-0.0017102116253227,4.82044697491801e-06,-0.00173710158560425
1743528216.98524,-0.00345554086379707,-0.00348583795130253,8.22767106001265e-06
1743528216.99025,3.51176349795423e-05,4.82044697491801e-06,8.22767106001265e-06
1743528216.99527,-0.0017102116253227,4.82044697491801e-06,-0.0034824307076633
1743528217.00028,-0.00694619910791516,0.00175014964770526,-0.00173710158560425
1743528217.00529,-0.00520086986944079,4.82044697491801e-06,8.22767106001265e-06
1743528217.0103,-0.00520086986944079,4.82044697491801e-06,8.22767106001265e-06
1743528217.01531,-0.00345554086379707,4.82044697491801e-06,8.22767106001265e-06
1743528217.02032,-0.00520086986944079,4.82044697491801e-06,8.22767106001265e-06
1743528217.02533,-0.0017102116253227,0.00175014964770526,8.22767106001265e-06
1743528217.03034,-0.00520086986944079,0.00349547900259495,8.22767106001265e-06
1743528217.03535,-0.00694619910791516,4.82044697491801e-06,8.22767106001265e-06
1743528217.04036,-0.00345554086379707,4.82044697491801e-06,8.22767106001265e-06
1743528217.04537,-0.00520086986944079,4.82044697491801e-06,0.00175355689134449
1743528217.05038,-0.00345554086379707,0.00349547900259495,8.22767106001265e-06
1743528217.05539,-0.00345554086379707,4.82044697491801e-06,-0.00173710158560425
1743528217.0604,-0.00520086986944079,4.82044697491801e-06,8.22767106001265e-06
1743528217.0654,-0.00345554086379707,-0.00348583795130253,8.22767106001265e-06
1743528217.07041,-0.00520086986944079,4.82044697491801e-06,8.22767106001265e-06
1743528217.07542,-0.0017102116253227,0.00349547900259495,-0.00173710158560425
1743528217.08043,-0.00520086986944079,0.00349547900259495,8.22767106001265e-06
1743528217.08543,-0.0017102116253227,-0.00174050882924348,8.22767106001265e-06
1743528217.09044,-0.0017102116253227,4.82044697491801e-06,8.22767106001265e-06
1743528217.09544,-0.00345554086379707,4.82044697491801e-06,8.22767106001265e-06
1743528217.10045,-0.00520086986944079,4.82044697491801e-06,8.22767106001265e-06
1743528217.10546,3.51176349795423e-05,0.00524080824106932,-0.00173710158560425
1743528217.11046,-0.00345554086379707,0.00175014964770526,-0.0034824307076633
1743528217.11547,-0.0017102116253227,0.00175014964770526,8.22767106001265e-06
1743528217.12047,-0.00694619910791516,4.82044697491801e-06,-0.0034824307076633
1743528217.12547,-0.0017102116253227,4.82044697491801e-06,8.22767106001265e-06
1743528217.13048,-0.00520086986944079,4.82044697491801e-06,8.22767106001265e-06
1743528217.13548,-0.0017102116253227,4.82044697491801e-06,-0.0034824307076633
1743528217.14049,-0.0017102116253227,-0.00348583795130253,0.00175355689134449
1743528217.14549,-0.00520086986944079,-0.00174050882924348,-0.00173710158560425
1743528217.15049,-0.00520086986944079,-0.00348583795130253,8.22767106001265e-06
1743528217.15549,-0.0017102116253227,-0.00174050882924348,8.22767106001265e-06
1743528217.16049,3.51176349795423e-05,4.82044697491801e-06,8.22767106001265e-06
1743528217.1655,-0.0017102116253227,4.82044697491801e-06,8.22767106001265e-06
1743528217.1705,-0.0017102116253227,4.82044697491801e-06,8.22767106001265e-06
1743528217.1755,-0.00345554086379707,0.00349547900259495,-0.00173710158560425
1743528217.1805,-0.0017102116253227,0.00175014964770526,8.22767106001265e-06
1743528217.1855,-0.00520086986944079,-0.00174050882924348,0.00175355689134449
1743528217.1905,-0.00520086986944079,4.82044697491801e-06,0.00175355689134449
1743528217.1955,-0.0017102116253227,-0.0052311671897769,8.22767106001265e-06
1743528217.2005,-0.00345554086379707,4.82044697491801e-06,8.22767106001265e-06
1743528217.2055,-0.0017102116253227,4.82044697491801e-06,8.22767106001265e-06
1743528217.2105,-0.00345554086379707,4.82044697491801e-06,8.22767106001265e-06
1743528217.2155,3.51176349795423e-05,-0.00174050882924348,-0.00173710158560425
1743528217.22049,-0.00345554086379707,-0.00174050882924348,8.22767106001265e-06
1743528217.22549,3.51176349795423e-05,4.82044697491801e-06,8.22767106001265e-06
1743528217.23049,-0.00520086986944079,4.82044697491801e-06,8.22767106001265e-06
1743528217.23549,3.51176349795423e-05,4.82044697491801e-06,8.22767106001265e-06
1743528217.24048,-0.00694619910791516,4.82044697491801e-06,-0.0034824307076633
1743528217.24548,-0.0017102116253227,4.82044697491801e-06,0.00175355689134449
1743528217.25048,-0.0017102116253227,-0.00174050882924348,8.22767106001265e-06
1743528217.25547,3.51176349795423e-05,0.00175014964770526,-0.00173710158560425
1743528217.26047,-0.00694619910791516,-0.00348583795130253,8.22767106001265e-06
1743528217.26546,-0.00345554086379707,-0.00348583795130253,8.22767106001265e-06
1743528217.27046,-0.00345554086379707,-0.00174050882924348,-0.00173710158560425
1743528217.27545,-0.00520086986944079,-0.00174050882924348,-0.00173710158560425
1743528217.28045,-0.00345554086379707,0.00349547900259495,-0.00173710158560425
1743528217.28544,3.51176349795423e-05,4.82044697491801e-06,-0.00173710158560425
1743528217.29044,-0.00345554086379707,0.00175014964770526,8.22767106001265e-06
1743528217.29543,-0.0017102116253227,4.82044697491801e-06,0.00175355689134449
1743528217.30042,-0.0017102116253227,4.82044697491801e-06,8.22767106001265e-06
1743528217.30542,-0.00345554086379707,0.00175014964770526,-0.00173710158560425
1743528217.31041,-0.00520086986944079,4.82044697491801e-06,8.22767106001265e-06
1743528217.3154,-0.00520086986944079,4.82044697491801e-06,8.22767106001265e-06
1743528217.32039,-0.0017102116253227,4.82044697491801e-06,8.22767106001265e-06
1743528217.32538,-0.0017102116253227,4.82044697491801e-06,-0.00173710158560425
1743528217.33038,-0.00345554086379707,0.00175014964770526,0.00175355689134449
1743528217.33537,-0.00520086986944079,4.82044697491801e-06,-0.00173710158560425
1743528217.34036,-0.0017102116253227,4.82044697491801e-06,0.00349888624623418
1743528217.34535,-0.0017102116253227,4.82044697491801e-06,-0.00173710158560425
1743528217.35034,-0.0017102116253227,4.82044697491801e-06,8.22767106001265e-06
1743528217.35533,-0.00520086986944079,0.00524080824106932,-0.00522775994613767
1743528217.36032,-0.00345554086379707,4.82044697491801e-06,0.00175355689134449
1743528217.36531,-0.00520086986944079,4.82044697491801e-06,8.22767106001265e-06
1743528217.3703,-0.00345554086379707,4.82044697491801e-06,8.22767106001265e-06
1743528217.37528,-0.00345554086379707,-0.00348583795130253,8.22767106001265e-06
1743528217.38027,-0.00345554086379707,4.82044697491801e-06,-0.00173710158560425
1743528217.38526,3.51176349795423e-05,4.82044697491801e-06,8.22767106001265e-06
1743528217.39025,-0.00520086986944079,-0.00174050882924348,8.22767106001265e-06
1743528217.39524,-0.00345554086379707,-0.00174050882924348,8.22767106001265e-06
1743528217.40022,-0.00520086986944079,-0.00348583795130253,8.22767106001265e-06
1743528217.40521,3.51176349795423e-05,0.00175014964770526,0.00175355689134449
1743528217.4102,-0.0104368580505252,0.00349547900259495,-0.00522775994613767
1743528217.41518,3.51176349795423e-05,4.82044697491801e-06,8.22767106001265e-06
1743528217.42017,-0.00520086986944079,4.82044697491801e-06,-0.00173710158560425
1743528217.42515,-0.00345554086379707,4.82044697491801e-06,-0.00522775994613767
1743528217.43014,-0.00520086986944079,4.82044697491801e-06,8.22767106001265e-06
1743528217.43512,-0.00345554086379707,4.82044697491801e-06,8.22767106001265e-06
1743528217.44011,-0.00345554086379707,-0.00174050882924348,0.00175355689134449
1743528217.44509,-0.00345554086379707,4.82044697491801e-06,8.22767106001265e-06
1743528217.45008,-0.0017102116253227,-0.00174050882924348,-0.0034824307076633
1743528217.45506,-0.00694619910791516,-0.00348583795130253,8.22767106001265e-06
1743528217.46004,-0.0017102116253227,4.82044697491801e-06,8.22767106001265e-06
1743528217.46503,3.51176349795423e-05,0.00175014964770526,8.22767106001265e-06
1743528217.47001,-0.00345554086379707,4.82044697491801e-06,8.22767106001265e-06
1743528217.47499,3.51176349795423e-05,4.82044697491801e-06,8.22767106001265e-06
1743528217.47997,-0.0017102116253227,4.82044697491801e-06,-0.0034824307076633
1743528217.48496,-0.00694619910791516,0.00175014964770526,8.22767106001265e-06
1743528217.48994,3.51176349795423e-05,0.00349547900259495,8.22767106001265e-06
1743528217.49492,-0.00520086986944079,0.00175014964770526,8.22767106001265e-06
1743528217.4999,-0.0017102116253227,4.82044697491801e-06,8.22767106001265e-06
1743528217.50488,-0.0017102116253227,4.82044697491801e-06,8.22767106001265e-06
1743528217.50986,-0.00520086986944079,-0.00348583795130253,-0.00173710158560425
1743528217.51484,-0.0017102116253227,0.00175014964770526,8.22767106001265e-06
1743528217.51982,-0.00520086986944079,-0.00174050882924348,8.22767106001265e-06
1743528217.5248,3.51176349795423e-05,4.82044697491801e-06,8.22767106001265e-06
1743528217.52978,-0.0017102116253227,4.82044697491801e-06,-0.00173710158560425
1743528217.53476,-0.00520086986944079,4.82044697491801e-06,8.22767106001265e-06
1743528217.53974,-0.00520086986944079,-0.00348583795130253,8.22767106001265e-06
1743528217.54471,-0.00520086986944079,-0.00348583795130253,0.00175355689134449
1743528217.54969,-0.00345554086379707,0.00175014964770526,-0.00173710158560425
1743528217.55467,-0.0017102116253227,0.00175014964770526,-0.00173710158560425
1743528217.55965,-0.00520086986944079,4.82044697491801e-06,-0.00173710158560425
1743528217.56462,-0.00520086986944079,4.82044697491801e-06,8.22767106001265e-06
1743528217.5696,3.51176349795423e-05,4.82044697491801e-06,8.22767106001265e-06
1743528217.57458,-0.0017102116253227,4.82044697491801e-06,0.00175355689134449
1743528217.57955,-0.00345554086379707,0.00175014964770526,-0.0034824307076633
1743528217.58453,-0.0017102116253227,4.82044697491801e-06,8.22767106001265e-06
1743528217.5895,-0.00694619910791516,4.82044697491801e-06,8.22767106001265e-06
1743528217.59448,-0.00345554086379707,4.82044697491801e-06,-0.0034824307076633
1743528217.59945,-0.00520086986944079,4.82044697491801e-06,8.22767106001265e-06
1743528217.60443,-0.00345554086379707,4.82044697491801e-06,0.00175355689134449
1743528217.6094,-0.00345554086379707,-0.00174050882924348,8.22767106001265e-06
1743528217.61437,-0.00345554086379707,4.82044697491801e-06,8.22767106001265e-06
1743528217.61935,-0.0017102116253227,4.82044697491801e-06,8.22767106001265e-06
1743528217.62432,-0.00345554086379707,4.82044697491801e-06,-0.0034824307076633
1743528217.62929,-0.00345554086379707,4.82044697491801e-06,8.22767106001265e-06
1743528217.63427,-0.00520086986944079,-0.00174050882924348,-0.00173710158560425
1743528217.63924,-0.0017102116253227,-0.00174050882924348,8.22767106001265e-06
1743528217.64421,-0.00345554086379707,0.00349547900259495,8.22767106001265e-06
1743528217.64918,-0.00520086986944079,4.82044697491801e-06,-0.00173710158560425
1743528217.65415,-0.00345554086379707,0.00349547900259495,-0.00173710158560425
1743528217.65912,-0.0017102116253227,0.00175014964770526,-0.00173710158560425
1743528217.6641,-0.00520086986944079,4.82044697491801e-06,8.22767106001265e-06
1743528217.66907,-0.00520086986944079,0.00349547900259495,8.22767106001265e-06
1743528217.67404,-0.00520086986944079,-0.00174050882924348,8.22767106001265e-06
1743528217.67901,-0.00520086986944079,-0.00174050882924348,8.22767106001265e-06
1743528217.68398,-0.00694619910791516,-0.00348583795130253,-0.00173710158560425
1743528217.68894,-0.00520086986944079,4.82044697491801e-06,-0.00173710158560425
1743528217.69391,-0.00345554086379707,4.82044697491801e-06,8.22767106001265e-06
1743528217.69888,-0.00520086986944079,-0.0052311671897769,8.22767106001265e-06
1743528217.70385,-0.0017102116253227,4.82044697491801e-06,8.22767106001265e-06
1743528217.70882,-0.00694619910791516,-0.00348583795130253,8.22767106001265e-06
1743528217.71378,-0.0017102116253227,0.00349547900259495,-0.00173710158560425
1743528217.71875,-0.00520086986944079,4.82044697491801e-06,0.00175355689134449
1743528217.72372,-0.00520086986944079,-0.00348583795130253,8.22767106001265e-06
1743528217.72869,-0.0017102116253227,4.82044697491801e-06,8.22767106001265e-06
1743528217.73365,-0.00520086986944079,4.82044697491801e-06,8.22767106001265e-06
1743528217.73862,-0.00694619910791516,-0.00174050882924348,8.22767106001265e-06
1743528217.74358,-0.00520086986944079,4.82044697491801e-06,8.22767106001265e-06
1743528217.74855,-0.00345554086379707,4.82044697491801e-06,8.22767106001265e-06
1743528217.75352,-0.00345554086379707,4.82044697491801e-06,8.22767106001265e-06
1743528217.75848,-0.00520086986944079,4.82044697491801e-06,-0.00697308918461204
1743528217.76344,-0.0017102116253227,4.82044697491801e-06,8.22767106001265e-06
1743528217.76841,-0.0017102116253227,0.00175014964770526,8.22767106001265e-06
1743528217.77337,-0.00694619910791516,4.82044697491801e-06,8.22767106001265e-06
1743528217.77834,-0.00345554086379707,4.82044697491801e-06,-0.0034824307076633
1743528217.7833,-0.00520086986944079,4.82044697491801e-06,-0.00173710158560425
1743528217.78826,-0.00345554086379707,4.82044697491801e-06,-0.00173710158560425
1743528217.79323,-0.00345554086379707,4.82044697491801e-06,0.00175355689134449
1743528217.79819,-0.00520086986944079,4.82044697491801e-06,-0.00173710158560425
1743528217.80315,3.51176349795423e-05,4.82044697491801e-06,8.22767106001265e-06
1743528217.80811,-0.00345554086379707,-0.00174050882924348,8.22767106001265e-06
1743528217.81307,-0.00520086986944079,4.82044697491801e-06,-0.00173710158560425
1743528217.81803,-0.00345554086379707,4.82044697491801e-06,0.00175355689134449
1743528217.82299,3.51176349795423e-05,-0.00174050882924348,8.22767106001265e-06
1743528217.82795,-0.0017102116253227,0.00175014964770526,-0.00173710158560425
1743528217.83292,-0.00345554086379707,4.82044697491801e-06,8.22767106001265e-06
1743528217.83788,-0.00345554086379707,-0.00174050882924348,8.22767106001265e-06
1743528217.84293,3.51176349795423e-05,-0.00174050882924348,-0.00173710158560425
1743528217.84788,3.51176349795423e-05,4.82044697491801e-06,0.00175355689134449
1743528217.85283,-0.00345554086379707,0.00175014964770526,-0.0034824307076633
1743528217.85777,-0.0017102116253227,4.82044697491801e-06,8.22767106001265e-06
1743528217.86272,3.51176349795423e-05,4.82044697491801e-06,8.22767106001265e-06
1743528217.86767,-0.00520086986944079,4.82044697491801e-06,8.22767106001265e-06
1743528217.87262,-0.00694619910791516,0.00175014964770526,8.22767106001265e-06
1743528217.87757,-0.00520086986944079,-0.00174050882924348,8.22767106001265e-06
1743528217.88251,-0.00520086986944079,0.00175014964770526,8.22767106001265e-06
1743528217.88746,-0.0017102116253227,-0.00174050882924348,8.22767106001265e-06
1743528217.8924,-0.0017102116253227,4.82044697491801e-06,0.00175355689134449
1743528217.89735,-0.00345554086379707,-0.00174050882924348,-0.00173710158560425
1743528217.90229,-0.00694619910791516,4.82044697491801e-06,8.22767106001265e-06
1743528217.90724,-0.00345554086379707,-0.00174050882924348,8.22767106001265e-06
1743528217.91218,-0.00345554086379707,4.82044697491801e-06,8.22767106001265e-06
1743528217.91712,-0.00520086986944079,0.00175014964770526,-0.00173710158560425
1743528217.92207,-0.00345554086379707,-0.00174050882924348,8.22767106001265e-06
1743528217.92701,-0.00345554086379707,4.82044697491801e-06,0.00175355689134449
1743528217.93195,-0.00345554086379707,4.82044697491801e-06,8.22767106001265e-06
1743528217.93689,-0.00345554086379707,4.82044697491801e-06,8.22767106001265e-06
1743528217.94184,-0.00520086986944079,4.82044697491801e-06,8.22767106001265e-06
1743528217.94678,3.51176349795423e-05,4.82044697491801e-06,8.22767106001265e-06
1743528217.95172,3.51176349795423e-05,4.82044697491801e-06,-0.00173710158560425
1743528217.95666,-0.0017102116253227,0.00175014964770526,8.22767106001265e-06
1743528217.9616,3.51176349795423e-05,0.00175014964770526,8.22767106001265e-06
1743528217.96654,-0.00520086986944079,0.00349547900259495,8.22767106001265e-06
1743528217.97147,3.51176349795423e-05,4.82044697491801e-06,8.22767106001265e-06
1743528217.97641,-0.00345554086379707,4.82044697491801e-06,-0.00522775994613767
1743528217.98135,3.51176349795423e-05,4.82044697491801e-06,8.22767106001265e-06
1743528217.98629,-0.00345554086379707,0.00349547900259495,8.22767106001265e-06
1743528217.99122,-0.00345554086379707,4.82044697491801e-06,-0.00173710158560425
1743528217.99616,-0.0017102116253227,4.82044697491801e-06,8.22767106001265e-06
1743528218.0011,3.51176349795423e-05,4.82044697491801e-06,8.22767106001265e-06
1743528218.00603,-0.0017102116253227,0.00349547900259495,-0.00173710158560425
1743528218.01097,3.51176349795423e-05,4.82044697491801e-06,8.22767106001265e-06
1743528218.0159,-0.0017102116253227,4.82044697491801e-06,-0.00173710158560425
1743528218.02083,-0.00345554086379707,4.82044697491801e-06,8.22767106001265e-06
1743528218.02577,-0.00520086986944079,-0.00174050882924348,8.22767106001265e-06
1743528218.0307,-0.0017102116253227,4.82044697491801e-06,-0.00173710158560425
1743528218.03563,-0.00345554086379707,-0.00174050882924348,8.22767106001265e-06
1743528218.04057,3.51176349795423e-05,0.00349547900259495,-0.00173710158560425
1743528218.0455,3.51176349795423e-05,0.00175014964770526,-0.00173710158560425
1743528218.05043,-0.0017102116253227,0.00349547900259495,8.22767106001265e-06
1743528218.05536,-0.0017102116253227,-0.00174050882924348,8.22767106001265e-06
1743528218.06029,-0.00520086986944079,4.82044697491801e-06,-0.00173710158560425
1743528218.06522,-0.00345554086379707,4.82044697491801e-06,8.22767106001265e-06
1743528218.07015,-0.00345554086379707,4.82044697491801e-06,-0.00173710158560425
1743528218.07508,-0.0017102116253227,4.82044697491801e-06,8.22767106001265e-06
1743528218.08001,-0.00345554086379707,-0.00174050882924348,-0.00173710158560425
1743528218.08494,-0.00694619910791516,4.82044697491801e-06,8.22767106001265e-06
1743528218.08987,-0.0017102116253227,4.82044697491801e-06,8.22767106001265e-06
1743528218.09479,-0.0017102116253227,0.00349547900259495,-0.00522775994613767
1743528218.09972,-0.00520086986944079,4.82044697491801e-06,8.22767106001265e-06
1743528218.10465,-0.00345554086379707,-0.00174050882924348,8.22767106001265e-06
1743528218.10957,-0.00345554086379707,-0.0052311671897769,8.22767106001265e-06
1743528218.1145,-0.0017102116253227,-0.00174050882924348,8.22767106001265e-06
1743528218.11942,-0.0017102116253227,-0.00174050882924348,8.22767106001265e-06
1743528218.12435,-0.00520086986944079,0.00349547900259495,-0.00173710158560425
1743528218.12927,-0.00345554086379707,0.00175014964770526,-0.00173710158560425
1743528218.1342,-0.00520086986944079,4.82044697491801e-06,-0.00173710158560425
1743528218.13912,-0.00345554086379707,0.00175014964770526,8.22767106001265e-06
1743528218.14404,-0.0017102116253227,4.82044697491801e-06,8.22767106001265e-06
1743528218.14896,-0.00345554086379707,4.82044697491801e-06,-0.00173710158560425
1743528218.15389,-0.00345554086379707,0.00175014964770526,8.22767106001265e-06
1743528218.15881,-0.0017102116253227,4.82044697491801e-06,8.22767106001265e-06
1743528218.16373,-0.0017102116253227,0.00349547900259495,-0.00173710158560425
1743528218.16865,-0.00345554086379707,4.82044697491801e-06,8.22767106001265e-06
1743528218.17357,-0.0017102116253227,4.82044697491801e-06,-0.0034824307076633
1743528218.17849,-0.0017102116253227,4.82044697491801e-06,-0.00173710158560425
1743528218.18341,-0.0017102116253227,0.00349547900259495,0.00175355689134449
1743528218.18833,-0.00345554086379707,0.00175014964770526,8.22767106001265e-06
1743528218.19325,-0.00345554086379707,-0.00348583795130253,-0.00173710158560425
1743528218.19816,-0.0017102116253227,4.82044697491801e-06,8.22767106001265e-06
1743528218.20308,-0.00345554086379707,-0.00174050882924348,8.22767106001265e-06
1743528218.208,-0.00345554086379707,4.82044697491801e-06,-0.00173710158560425
1743528218.21292,-0.00345554086379707,4.82044697491801e-06,8.22767106001265e-06
1743528218.21783,-0.0017102116253227,0.00349547900259495,-0.00173710158560425
1743528218.22275,-0.0017102116253227,4.82044697491801e-06,8.22767106001265e-06
1743528218.22766,-0.0017102116253227,-0.00174050882924348,0.00175355689134449
1743528218.23258,-0.00345554086379707,4.82044697491801e-06,-0.00522775994613767
1743528218.23749,-0.00520086986944079,-0.00174050882924348,-0.00173710158560425
1743528218.24241,3.51176349795423e-05,0.00175014964770526,-0.0034824307076633
1743528218.24732,-0.0017102116253227,4.82044697491801e-06,8.22767106001265e-06
1743528218.25223,-0.00345554086379707,-0.00348583795130253,-0.00173710158560425
1743528218.25715,-0.00345554086379707,-0.00348583795130253,8.22767106001265e-06
1743528218.26206,3.51176349795423e-05,4.82044697491801e-06,0.00175355689134449
1743528218.26697,3.51176349795423e-05,4.82044697491801e-06,8.22767106001265e-06
1743528218.27188,-0.00520086986944079,4.82044697491801e-06,8.22767106001265e-06
1743528218.27679,-0.00345554086379707,4.82044697491801e-06,8.22767106001265e-06
1743528218.2817,-0.0017102116253227,0.00175014964770526,-0.0034824307076633
1743528218.28661,3.51176349795423e-05,-0.0052311671897769,8.22767106001265e-06
1743528218.29152,-0.00520086986944079,4.82044697491801e-06,8.22767106001265e-06
1743528218.29643,-0.00345554086379707,4.82044697491801e-06,8.22767106001265e-06
1743528218.30134,-0.00345554086379707,-0.00174050882924348,8.22767106001265e-06
1743528218.30625,-0.00345554086379707,0.00175014964770526,-0.00173710158560425
1743528218.31116,-0.00345554086379707,-0.00174050882924348,8.22767106001265e-06
1743528218.31606,-0.00345554086379707,4.82044697491801e-06,-0.00173710158560425
1743528218.32097,-0.00345554086379707,4.82044697491801e-06,8.22767106001265e-06
1743528218.32588,-0.00345554086379707,-0.00174050882924348,-0.00173710158560425
1743528218.33078,-0.00345554086379707,4.82044697491801e-06,8.22767106001265e-06
1743528218.33569,-0.00520086986944079,-0.00348583795130253,8.22767106001265e-06
1743528218.34059,-0.00345554086379707,-0.00174050882924348,-0.00173710158560425
1743528218.3455,-0.00345554086379707,4.82044697491801e-06,8.22767106001265e-06
1743528218.3504,-0.00345554086379707,4.82044697491801e-06,-0.00173710158560425
1743528218.35531,-0.00694619910791516,0.00349547900259495,8.22767106001265e-06
1743528218.36021,-0.00520086986944079,-0.00348583795130253,8.22767106001265e-06
1743528218.36511,-0.00345554086379707,-0.00174050882924348,-0.00173710158560425
1743528218.37002,-0.00520086986944079,4.82044697491801e-06,-0.00173710158560425
1743528218.37492,3.51176349795423e-05,4.82044697491801e-06,-0.00173710158560425
1743528218.37982,-0.00345554086379707,4.82044697491801e-06,0.00524421548470855
1743528218.38472,-0.0017102116253227,4.82044697491801e-06,-0.00173710158560425
1743528218.38962,-0.00345554086379707,4.82044697491801e-06,8.22767106001265e-06
1743528218.39452,-0.00520086986944079,-0.00174050882924348,8.22767106001265e-06
1743528218.39942,-0.0017102116253227,-0.00174050882924348,8.22767106001265e-06
1743528218.40432,-0.0017102116253227,4.82044697491801e-06,8.22767106001265e-06
1743528218.40922,-0.00345554086379707,0.00175014964770526,8.22767106001265e-06
1743528218.41412,-0.00520086986944079,-0.00174050882924348,8.22767106001265e-06
1743528218.41902,3.51176349795423e-05,4.82044697491801e-06,8.22767106001265e-06
1743528218.42391,-0.00345554086379707,4.82044697491801e-06,-0.00173710158560425
1743528218.42881,-0.00520086986944079,4.82044697491801e-06,0.00175355689134449
1743528218.43371,-0.00520086986944079,-0.00174050882924348,-0.00173710158560425
1743528218.4386,-0.0017102116253227,-0.00174050882924348,8.22767106001265e-06
1743528218.4435,-0.0017102116253227,4.82044697491801e-06,-0.00173710158560425
1743528218.44839,3.51176349795423e-05,-0.0052311671897769,0.00349888624623418
1743528218.45329,-0.00520086986944079,4.82044697491801e-06,8.22767106001265e-06
1743528218.45818,-0.00345554086379707,-0.00174050882924348,0.00524421548470855
1743528218.46308,-0.0017102116253227,4.82044697491801e-06,-0.0034824307076633
1743528218.46797,-0.00345554086379707,0.00349547900259495,8.22767106001265e-06
1743528218.47286,-0.0017102116253227,0.00349547900259495,8.22767106001265e-06
1743528218.47776,-0.0017102116253227,0.00175014964770526,-0.00173710158560425
1743528218.48265,-0.00520086986944079,0.00175014964770526,-0.00173710158560425
1743528218.48754,-0.0017102116253227,-0.00348583795130253,8.22767106001265e-06
1743528218.49243,-0.00520086986944079,-0.00174050882924348,8.22767106001265e-06
1743528218.49732,-0.00345554086379707,4.82044697491801e-06,8.22767106001265e-06
1743528218.50221,-0.00520086986944079,4.82044697491801e-06,-0.00173710158560425
1743528218.5071,3.51176349795423e-05,0.00524080824106932,8.22767106001265e-06
1743528218.51199,-0.0017102116253227,4.82044697491801e-06,-0.0034824307076633
1743528218.51688,-0.00345554086379707,0.00175014964770526,8.22767106001265e-06
1743528218.52177,3.51176349795423e-05,4.82044697491801e-06,8.22767106001265e-06
1743528218.52666,-0.00694619910791516,-0.0052311671897769,-0.0034824307076633
1743528218.53154,-0.00520086986944079,-0.00348583795130253,8.22767106001265e-06
1743528218.53643,-0.0017102116253227,0.00349547900259495,-0.0034824307076633
1743528218.54132,3.51176349795423e-05,-0.00174050882924348,0.00175355689134449
1743528218.54621,-0.00345554086379707,4.82044697491801e-06,8.22767106001265e-06
1743528218.55109,-0.00345554086379707,4.82044697491801e-06,8.22767106001265e-06
1743528218.55598,-0.0017102116253227,4.82044697491801e-06,8.22767106001265e-06
1743528218.56086,-0.0017102116253227,4.82044697491801e-06,8.22767106001265e-06
1743528218.56575,-0.00345554086379707,4.82044697491801e-06,8.22767106001265e-06
1743528218.57063,-0.00345554086379707,4.82044697491801e-06,8.22767106001265e-06
1743528218.57551,-0.00345554086379707,-0.00174050882924348,-0.00173710158560425
1743528218.5804,-0.00345554086379707,0.00524080824106932,-0.00173710158560425
1743528218.58528,-0.0017102116253227,-0.00174050882924348,0.00175355689134449
1743528218.59016,-0.00345554086379707,4.82044697491801e-06,8.22767106001265e-06
1743528218.59504,-0.00520086986944079,4.82044697491801e-06,8.22767106001265e-06
1743528218.59993,-0.00520086986944079,0.00175014964770526,8.22767106001265e-06
1743528218.60481,-0.0017102116253227,4.82044697491801e-06,0.00175355689134449
1743528218.60969,-0.0017102116253227,0.00524080824106932,-0.00522775994613767
1743528218.61457,-0.00345554086379707,4.82044697491801e-06,8.22767106001265e-06
1743528218.61945,-0.00345554086379707,4.82044697491801e-06,-0.0034824307076633
1743528218.62433,-0.00345554086379707,4.82044697491801e-06,-0.00173710158560425
1743528218.62921,-0.0017102116253227,0.00175014964770526,-0.00173710158560425
1743528218.63408,-0.0017102116253227,0.00349547900259495,-0.00173710158560425
1743528218.63896,-0.00520086986944079,0.00349547900259495,8.22767106001265e-06
1743528218.64384,-0.00520086986944079,0.00175014964770526,-0.0034824307076633
1743528218.64872,-0.00520086986944079,0.00175014964770526,8.22767106001265e-06
1743528218.65359,-0.0017102116253227,-0.00174050882924348,8.22767106001265e-06
1743528218.65847,-0.0017102116253227,4.82044697491801e-06,-0.00173710158560425
1743528218.66334,3.51176349795423e-05,4.82044697491801e-06,8.22767106001265e-06
1743528218.66822,-0.00694619910791516,4.82044697491801e-06,8.22767106001265e-06
1743528218.67309,-0.0017102116253227,4.82044697491801e-06,-0.0034824307076633
1743528218.67797,3.51176349795423e-05,-0.00174050882924348,8.22767106001265e-06
1743528218.68284,-0.00694619910791516,4.82044697491801e-06,-0.0034824307076633
1743528218.68772,-0.0017102116253227,4.82044697491801e-06,8.22767106001265e-06
1743528218.69259,-0.00345554086379707,0.00524080824106932,-0.0034824307076633
1743528218.69746,-0.00520086986944079,4.82044697491801e-06,8.22767106001265e-06
1743528218.70233,-0.00345554086379707,0.00175014964770526,-0.00173710158560425
1743528218.7072,-0.00520086986944079,-0.00174050882924348,8.22767106001265e-06
1743528218.71208,-0.0017102116253227,-0.00174050882924348,8.22767106001265e-06
1743528218.71695,-0.00345554086379707,4.82044697491801e-06,8.22767106001265e-06
1743528218.72182,-0.00345554086379707,4.82044697491801e-06,8.22767106001265e-06
1743528218.72669,-0.00520086986944079,4.82044697491801e-06,8.22767106001265e-06
1743528218.73156,-0.00520086986944079,4.82044697491801e-06,8.22767106001265e-06
1743528218.73643,-0.00345554086379707,4.82044697491801e-06,-0.00173710158560425
1743528218.74129,-0.00345554086379707,4.82044697491801e-06,8.22767106001265e-06
1743528218.74616,-0.00345554086379707,4.82044697491801e-06,8.22767106001265e-06
1743528218.75103,-0.00520086986944079,4.82044697491801e-06,-0.00173710158560425
1743528218.7559,-0.0017102116253227,-0.00174050882924348,8.22767106001265e-06
1743528218.76076,-0.00520086986944079,-0.00174050882924348,8.22767106001265e-06
1743528218.76563,-0.00345554086379707,4.82044697491801e-06,-0.00173710158560425
1743528218.7705,3.51176349795423e-05,4.82044697491801e-06,8.22767106001265e-06
1743528218.77536,-0.00345554086379707,-0.00174050882924348,8.22767106001265e-06
1743528218.78023,-0.00694619910791516,0.00175014964770526,8.22767106001265e-06
1743528218.78509,-0.0017102116253227,4.82044697491801e-06,-0.0034824307076633
1743528218.78995,-0.00520086986944079,4.82044697491801e-06,8.22767106001265e-06
1743528218.79482,-0.0017102116253227,0.00175014964770526,-0.00173710158560425
1743528218.79968,3.51176349795423e-05,0.00175014964770526,-0.00173710158560425
1743528218.80454,-0.00694619910791516,4.82044697491801e-06,-0.00173710158560425
1743528218.80941,3.51176349795423e-05,4.82044697491801e-06,-0.0034824307076633
1743528218.81427,-0.0017102116253227,4.82044697491801e-06,8.22767106001265e-06
1743528218.81913,3.51176349795423e-05,0.00349547900259495,8.22767106001265e-06
1743528218.824,-0.00345554086379707,4.82044697491801e-06,-0.00173710158560425
1743528218.829,-0.00345554086379707,0.00175014964770526,8.22767106001265e-06
1743528218.834,3.51176349795423e-05,4.82044697491801e-06,8.22767106001265e-06
1743528218.83901,-0.0017102116253227,4.82044697491801e-06,8.22767106001265e-06
1743528218.84401,-0.00520086986944079,0.00175014964770526,8.22767106001265e-06
1743528218.84901,-0.00520086986944079,4.82044697491801e-06,8.22767106001265e-06
1743528218.85401,-0.00345554086379707,4.82044697491801e-06,0.00175355689134449
1743528218.85902,3.51176349795423e-05,0.00175014964770526,8.22767106001265e-06
1743528218.86402,-0.00694619910791516,-0.00348583795130253,8.22767106001265e-06
1743528218.86902,-0.00345554086379707,4.82044697491801e-06,-0.00173710158560425
1743528218.87402,-0.0017102116253227,4.82044697491801e-06,-0.00173710158560425
1743528218.87903,-0.00345554086379707,4.82044697491801e-06,0.00175355689134449
1743528218.88403,-0.0017102116253227,0.00349547900259495,-0.00173710158560425
1743528218.88903,-0.0017102116253227,-0.00174050882924348,-0.00173710158560425
1743528218.89403,-0.0017102116253227,0.00175014964770526,8.22767106001265e-06
1743528218.89904,3.51176349795423e-05,0.00524080824106932,8.22767106001265e-06
1743528218.90404,-0.00520086986944079,-0.00348583795130253,8.22767106001265e-06
1743528218.90904,-0.00345554086379707,4.82044697491801e-06,8.22767106001265e-06
1743528218.91404,-0.0017102116253227,-0.00174050882924348,8.22767106001265e-06
1743528218.91905,0.00178044685162604,0.00349547900259495,8.22767106001265e-06
1743528218.92405,-0.00520086986944079,4.82044697491801e-06,8.22767106001265e-06
1743528218.92905,-0.00345554086379707,4.82044697491801e-06,8.22767106001265e-06
1743528218.93405,-0.00345554086379707,4.82044697491801e-06,8.22767106001265e-06
1743528218.93906,-0.00345554086379707,4.82044697491801e-06,-0.0034824307076633
1743528218.94406,-0.00345554086379707,-0.00174050882924348,8.22767106001265e-06
1743528218.94906,-0.0017102116253227,-0.00174050882924348,8.22767106001265e-06
1743528218.95406,-0.00520086986944079,-0.00174050882924348,8.22767106001265e-06
1743528218.95907,-0.00345554086379707,4.82044697491801e-06,8.22767106001265e-06
1743528218.96407,3.51176349795423e-05,4.82044697491801e-06,8.22767106001265e-06
1743528218.96907,-0.00694619910791516,0.00175014964770526,-0.00173710158560425
1743528218.97407,-0.0017102116253227,4.82044697491801e-06,-0.00173710158560425
1743528218.97908,-0.00520086986944079,4.82044697491801e-06,-0.00173710158560425
1743528218.98408,-0.0017102116253227,0.00175014964770526,8.22767106001265e-06
1743528218.98908,-0.00520086986944079,-0.00174050882924348,8.22767106001265e-06
1743528218.99408,-0.00520086986944079,-0.00348583795130253,8.22767106001265e-06
1743528218.99908,-0.00345554086379707,4.82044697491801e-06,8.22767106001265e-06
1743528219.00409,-0.00520086986944079,0.00175014964770526,8.22767106001265e-06
1743528219.00909,-0.00345554086379707,4.82044697491801e-06,8.22767106001265e-06
1743528219.01409,-0.00345554086379707,4.82044697491801e-06,8.22767106001265e-06
1743528219.01909,-0.00345554086379707,0.00175014964770526,-0.0034824307076633
1743528219.0241,-0.00520086986944079,4.82044697491801e-06,8.22767106001265e-06
1743528219.0291,3.51176349795423e-05,0.00349547900259495,8.22767106001265e-06
1743528219.0341,-0.0017102116253227,4.82044697491801e-06,0.00175355689134449
1743528219.0391,-0.0017102116253227,4.82044697491801e-06,8.22767106001265e-06
1743528219.04411,-0.00345554086379707,4.82044697491801e-06,-0.00173710158560425
1743528219.04911,-0.00520086986944079,-0.00348583795130253,8.22767106001265e-06
1743528219.05411,-0.0017102116253227,4.82044697491801e-06,-0.00173710158560425
1743528219.05911,-0.00345554086379707,4.82044697491801e-06,8.22767106001265e-06
1743528219.06412,-0.0017102116253227,4.82044697491801e-06,8.22767106001265e-06
1743528219.06912,-0.00345554086379707,-0.00174050882924348,8.22767106001265e-06
1743528219.07412,-0.0017102116253227,4.82044697491801e-06,-0.00173710158560425
1743528219.07912,-0.00345554086379707,4.82044697491801e-06,8.22767106001265e-06
1743528219.08413,-0.00520086986944079,4.82044697491801e-06,8.22767106001265e-06
1743528219.08913,-0.00520086986944079,0.00175014964770526,-0.0034824307076633
1743528219.09413,3.51176349795423e-05,4.82044697491801e-06,8.22767106001265e-06
1743528219.09914,-0.00694619910791516,4.82044697491801e-06,-0.00522775994613767
1743528219.10414,-0.00520086986944079,-0.0052311671897769,0.00175355689134449
1743528219.10914,-0.00520086986944079,4.82044697491801e-06,8.22767106001265e-06
1743528219.11414,-0.0017102116253227,4.82044697491801e-06,8.22767106001265e-06
1743528219.11915,-0.00345554086379707,0.00175014964770526,0.00349888624623418
1743528219.12415,3.51176349795423e-05,0.00349547900259495,-0.00173710158560425
1743528219.12915,-0.00345554086379707,4.82044697491801e-06,8.22767106001265e-06
1743528219.13415,3.51176349795423e-05,4.82044697491801e-06,8.22767106001265e-06
1743528219.13916,-0.00520086986944079,-0.00174050882924348,8.22767106001265e-06
1743528219.14416,-0.00520086986944079,-0.00348583795130253,8.22767106001265e-06
1743528219.14916,-0.00520086986944079,4.82044697491801e-06,8.22767106001265e-06
1743528219.15416,-0.00345554086379707,-0.00174050882924348,8.22767106001265e-06
1743528219.15916,-0.00345554086379707,0.00349547900259495,-0.0034824307076633
1743528219.16417,-0.00520086986944079,0.00524080824106932,-0.00522775994613767
1743528219.16917,3.51176349795423e-05,0.00349547900259495,8.22767106001265e-06
1743528219.17417,-0.0017102116253227,4.82044697491801e-06,-0.00173710158560425
1743528219.17917,-0.0017102116253227,4.82044697491801e-06,8.22767106001265e-06
1743528219.18418,-0.0017102116253227,-0.00174050882924348,8.22767106001265e-06
1743528219.18918,-0.00520086986944079,-0.00174050882924348,8.22767106001265e-06
1743528219.19418,-0.00520086986944079,0.00349547900259495,-0.0034824307076633
1743528219.19918,-0.0017102116253227,-0.00348583795130253,8.22767106001265e-06
1743528219.20419,-0.00520086986944079,-0.00348583795130253,8.22767106001265e-06
1743528219.20919,-0.00520086986944079,0.00175014964770526,-0.00173710158560425
1743528219.21419,-0.00345554086379707,0.00175014964770526,8.22767106001265e-06
1743528219.21919,3.51176349795423e-05,-0.00348583795130253,8.22767106001265e-06
1743528219.2242,-0.0017102116253227,4.82044697491801e-06,8.22767106001265e-06
1743528219.2292,-0.00520086986944079,-0.00174050882924348,8.22767106001265e-06
1743528219.2342,-0.00345554086379707,4.82044697491801e-06,-0.00522775994613767
1743528219.2392,-0.00520086986944079,0.00349547900259495,8.22767106001265e-06
1743528219.24421,-0.0017102116253227,4.82044697491801e-06,8.22767106001265e-06
1743528219.24921,3.51176349795423e-05,4.82044697491801e-06,0.00175355689134449
1743528219.25421,-0.00345554086379707,4.82044697491801e-06,-0.0034824307076633
1743528219.25921,-0.00520086986944079,-0.00348583795130253,8.22767106001265e-06
1743528219.26422,-0.0017102116253227,0.00524080824106932,-0.00173710158560425
1743528219.26922,-0.00345554086379707,4.82044697491801e-06,-0.00173710158560425
1743528219.27422,-0.0017102116253227,4.82044697491801e-06,8.22767106001265e-06
1743528219.27922,-0.00345554086379707,4.82044697491801e-06,-0.0034824307076633
1743528219.28423,-0.00345554086379707,4.82044697491801e-06,8.22767106001265e-06
1743528219.28923,-0.0017102116253227,0.00175014964770526,8.22767106001265e-06
1743528219.29423,-0.00520086986944079,0.00349547900259495,-0.00173710158560425
1743528219.29923,-0.0017102116253227,-0.00348583795130253,8.22767106001265e-06
1743528219.30424,-0.00345554086379707,-0.00174050882924348,8.22767106001265e-06
1743528219.30924,-0.00345554086379707,4.82044697491801e-06,-0.00173710158560425
1743528219.31424,-0.00345554086379707,-0.00174050882924348,8.22767106001265e-06
1743528219.31924,-0.00520086986944079,4.82044697491801e-06,-0.00173710158560425
1743528219.32425,-0.0017102116253227,0.00349547900259495,8.22767106001265e-06
1743528219.32925,-0.0017102116253227,4.82044697491801e-06,-0.0034824307076633
1743528219.33425,3.51176349795423e-05,0.00349547900259495,8.22767106001265e-06
1743528219.33925,-0.00345554086379707,4.82044697491801e-06,8.22767106001265e-06
1743528219.34426,3.51176349795423e-05,-0.0052311671897769,-0.0034824307076633
1743528219.34926,-0.0017102116253227,4.82044697491801e-06,8.22767106001265e-06
1743528219.35426,-0.00520086986944079,0.00175014964770526,-0.0034824307076633
1743528219.35926,-0.00520086986944079,4.82044697491801e-06,8.22767106001265e-06
1743528219.36427,-0.0017102116253227,4.82044697491801e-06,-0.00173710158560425
1743528219.36927,-0.00345554086379707,-0.00348583795130253,8.22767106001265e-06
1743528219.37427,-0.00345554086379707,4.82044697491801e-06,0.00175355689134449
1743528219.37927,3.51176349795423e-05,0.00175014964770526,-0.00173710158560425
1743528219.38428,-0.00520086986944079,-0.00348583795130253,8.22767106001265e-06
1743528219.38928,-0.00345554086379707,4.82044697491801e-06,-0.00173710158560425
1743528219.39428,-0.00345554086379707,4.82044697491801e-06,8.22767106001265e-06
1743528219.39928,-0.00345554086379707,-0.00348583795130253,8.22767106001265e-06
1743528219.40429,3.51176349795423e-05,-0.00174050882924348,8.22767106001265e-06
1743528219.40929,-0.00520086986944079,4.82044697491801e-06,-0.00173710158560425
1743528219.41429,-0.0017102116253227,4.82044697491801e-06,8.22767106001265e-06
1743528219.41929,3.51176349795423e-05,4.82044697491801e-06,0.00175355689134449
1743528219.4243,-0.00520086986944079,4.82044697491801e-06,8.22767106001265e-06
1743528219.4293,-0.00520086986944079,-0.00348583795130253,0.00175355689134449
1743528219.4343,3.51176349795423e-05,0.00349547900259495,-0.0034824307076633
1743528219.4393,-0.00694619910791516,-0.0052311671897769,8.22767106001265e-06
1743528219.44431,-0.00345554086379707,-0.00174050882924348,8.22767106001265e-06
1743528219.44931,-0.00520086986944079,-0.00174050882924348,-0.00173710158560425
1743528219.45431,-0.00345554086379707,0.00175014964770526,8.22767106001265e-06
1743528219.45931,-0.0017102116253227,-0.00348583795130253,8.22767106001265e-06
1743528219.46432,-0.00520086986944079,4.82044697491801e-06,-0.00173710158560425
1743528219.46932,-0.00520086986944079,-0.00174050882924348,8.22767106001265e-06
1743528219.47432,-0.00345554086379707,0.00175014964770526,-0.00173710158560425
1743528219.47932,-0.00520086986944079,0.00175014964770526,-0.00173710158560425
1743528219.48433,-0.0017102116253227,0.00175014964770526,-0.0034824307076633
1743528219.48933,-0.00520086986944079,4.82044697491801e-06,8.22767106001265e-06
1743528219.49433,-0.00345554086379707,4.82044697491801e-06,-0.0034824307076633
1743528219.49933,-0.0017102116253227,4.82044697491801e-06,8.22767106001265e-06
1743528219.50434,-0.00345554086379707,0.00175014964770526,8.22767106001265e-06
1743528219.50934,-0.0017102116253227,0.00349547900259495,8.22767106001265e-06
1743528219.51434,-0.0017102116253227,-0.00348583795130253,8.22767106001265e-06
1743528219.51934,-0.00345554086379707,0.00175014964770526,8.22767106001265e-06
1743528219.52435,3.51176349795423e-05,4.82044697491801e-06,8.22767106001265e-06
1743528219.52935,-0.00520086986944079,4.82044697491801e-06,-0.00173710158560425
1743528219.53435,-0.00520086986944079,4.82044697491801e-06,-0.00173710158560425
1743528219.53935,-0.00520086986944079,0.00175014964770526,-0.0034824307076633
1743528219.54436,-0.00345554086379707,4.82044697491801e-06,0.00175355689134449
1743528219.54936,-0.00345554086379707,0.00524080824106932,-0.0034824307076633
1743528219.55436,-0.00345554086379707,-0.00174050882924348,8.22767106001265e-06
1743528219.55936,-0.00345554086379707,-0.00174050882924348,8.22767106001265e-06
1743528219.56437,-0.00345554086379707,4.82044697491801e-06,-0.00173710158560425
1743528219.56937,-0.00520086986944079,-0.00348583795130253,0.00175355689134449
1743528219.57437,3.51176349795423e-05,4.82044697491801e-06,0.00175355689134449
1743528219.57937,3.51176349795423e-05,4.82044697491801e-06,8.22767106001265e-06
1743528219.58438,-0.0017102116253227,0.00349547900259495,-0.00173710158560425
1743528219.58938,-0.0017102116253227,4.82044697491801e-06,-0.00173710158560425
1743528219.59438,-0.0017102116253227,4.82044697491801e-06,0.00175355689134449
1743528219.59938,-0.0017102116253227,4.82044697491801e-06,8.22767106001265e-06
1743528219.60439,-0.0017102116253227,4.82044697491801e-06,8.22767106001265e-06
1743528219.60939,3.51176349795423e-05,0.00524080824106932,-0.0034824307076633
1743528219.61439,-0.00520086986944079,4.82044697491801e-06,8.22767106001265e-06
1743528219.61939,3.51176349795423e-05,-0.00348583795130253,8.22767106001265e-06
1743528219.6244,-0.00345554086379707,4.82044697491801e-06,0.00175355689134449
1743528219.6294,-0.00345554086379707,-0.00174050882924348,8.22767106001265e-06
1743528219.6344,-0.00520086986944079,4.82044697491801e-06,-0.00522775994613767
1743528219.6394,-0.00520086986944079,4.82044697491801e-06,-0.00173710158560425
1743528219.64441,-0.00345554086379707,4.82044697491801e-06,8.22767106001265e-06
1743528219.64941,-0.0017102116253227,4.82044697491801e-06,-0.00173710158560425
1743528219.65441,3.51176349795423e-05,4.82044697491801e-06,8.22767106001265e-06
1743528219.65941,-0.00520086986944079,4.82044697491801e-06,8.22767106001265e-06
1743528219.66442,-0.00345554086379707,4.82044697491801e-06,0.00175355689134449
1743528219.66942,-0.00520086986944079,4.82044697491801e-06,8.22767106001265e-06
1743528219.67442,-0.00345554086379707,-0.00174050882924348,-0.0034824307076633
1743528219.67942,-0.0017102116253227,4.82044697491801e-06,8.22767106001265e-06
1743528219.68443,-0.0017102116253227,0.00175014964770526,8.22767106001265e-06
1743528219.68943,-0.00520086986944079,4.82044697491801e-06,8.22767106001265e-06
1743528219.69443,-0.0017102116253227,4.82044697491801e-06,8.22767106001265e-06
1743528219.69943,-0.0017102116253227,4.82044697491801e-06,8.22767106001265e-06
1743528219.70444,-0.00345554086379707,4.82044697491801e-06,8.22767106001265e-06
1743528219.70944,-0.00345554086379707,4.82044697491801e-06,8.22767106001265e-06
1743528219.71444,-0.0017102116253227,4.82044697491801e-06,-0.0034824307076633
1743528219.71944,3.51176349795423e-05,4.82044697491801e-06,0.00349888624623418
1743528219.72445,-0.00345554086379707,0.00175014964770526,-0.00173710158560425
1743528219.72945,-0.0017102116253227,4.82044697491801e-06,8.22767106001265e-06
1743528219.73445,-0.00345554086379707,4.82044697491801e-06,8.22767106001265e-06
1743528219.73945,-0.0017102116253227,0.00175014964770526,-0.00173710158560425
1743528219.74446,-0.00520086986944079,-0.00348583795130253,8.22767106001265e-06
1743528219.74946,-0.00520086986944079,4.82044697491801e-06,8.22767106001265e-06
1743528219.75446,-0.00520086986944079,4.82044697491801e-06,8.22767106001265e-06
1743528219.75946,-0.00520086986944079,-0.00174050882924348,8.22767106001265e-06
1743528219.76447,-0.0017102116253227,4.82044697491801e-06,-0.00173710158560425
1743528219.76947,-0.00345554086379707,-0.00348583795130253,0.00175355689134449
1743528219.77447,-0.0017102116253227,0.00175014964770526,0.00175355689134449
1743528219.77947,-0.00345554086379707,4.82044697491801e-06,8.22767106001265e-06
1743528219.78448,-0.00345554086379707,0.00175014964770526,-0.0034824307076633
1743528219.78948,-0.00520086986944079,4.82044697491801e-06,-0.00173710158560425
1743528219.79448,-0.00345554086379707,0.00175014964770526,8.22767106001265e-06
1743528219.79948,-0.00345554086379707,0.00175014964770526,-0.00173710158560425
1743528219.80449,-0.00345554086379707,4.82044697491801e-06,8.22767106001265e-06
1743528219.80949,-0.00345554086379707,-0.00174050882924348,8.22767106001265e-06
1743528219.81449,-0.0017102116253227,4.82044697491801e-06,8.22767106001265e-06
1743528219.81949,-0.00520086986944079,-0.0052311671897769,8.22767106001265e-06
1743528219.8245,-0.0017102116253227,0.00175014964770526,-0.0034824307076633
1743528219.8295,-0.00345554086379707,0.00349547900259495,8.22767106001265e-06
1743528219.8345,-0.00345554086379707,4.82044697491801e-06,-0.0034824307076633
1743528219.8395,-0.00345554086379707,-0.00174050882924348,8.22767106001265e-06
1743528219.84451,-0.00345554086379707,-0.00174050882924348,-0.00173710158560425
1743528219.84951,-0.00520086986944079,4.82044697491801e-06,8.22767106001265e-06
1743528219.85451,-0.00520086986944079,-0.00174050882924348,8.22767106001265e-06
1743528219.85951,-0.00520086986944079,-0.00174050882924348,-0.0034824307076633
1743528219.86452,-0.00520086986944079,-0.00348583795130253,8.22767106001265e-06
1743528219.86952,-0.00520086986944079,-0.00174050882924348,-0.00173710158560425
1743528219.87452,-0.0017102116253227,4.82044697491801e-06,0.00175355689134449
1743528219.87952,3.51176349795423e-05,4.82044697491801e-06,8.22767106001265e-06
1743528219.88452,-0.00520086986944079,4.82044697491801e-06,8.22767106001265e-06
1743528219.88953,-0.0017102116253227,-0.00174050882924348,8.22767106001265e-06
1743528219.89453,-0.00520086986944079,0.00175014964770526,-0.00173710158560425
1743528219.89953,3.51176349795423e-05,4.82044697491801e-06,-0.00173710158560425
1743528219.90453,3.51176349795423e-05,0.00175014964770526,8.22767106001265e-06
1743528219.90954,-0.00520086986944079,0.00524080824106932,8.22767106001265e-06
1743528219.91454,0.00178044685162604,0.00175014964770526,8.22767106001265e-06
1743528219.91954,-0.00694619910791516,0.00175014964770526,8.22767106001265e-06
1743528219.92454,-0.0017102116253227,4.82044697491801e-06,8.22767106001265e-06
1743528219.92955,-0.00345554086379707,0.00175014964770526,-0.00173710158560425
1743528219.93455,-0.00694619910791516,4.82044697491801e-06,8.22767106001265e-06
1743528219.93955,3.51176349795423e-05,-0.00348583795130253,8.22767106001265e-06
