1743278596.79527,0,0,0
1743278596.79981,-0.00106529693584889,-0.00426118774339557,0.00106529693584889
1743278596.80481,0,-0.012783563695848,0.00213059387169778
1743278596.80982,-0.00213059387169778,-0.00852237548679113,-0.003195890923962
1743278596.81482,0.003195890923962,-0.00426118774339557,0
1743278596.81982,0.00426118774339557,-0.00852237548679113,-0.00639178184792399
1743278596.82482,0.003195890923962,-0.00745707890018821,-0.00745707890018821
1743278596.82982,0.00106529693584889,-0.00106529693584889,-0.00532648479565978
1743278596.83483,-0.00106529693584889,-0.003195890923962,-0.00213059387169778
1743278596.83983,0,-0.00426118774339557,-0.003195890923962
1743278596.84483,0.003195890923962,-0.00852237548679113,-0.003195890923962
1743278596.84983,-0.003195890923962,-0.00213059387169778,-0.00852237548679113
1743278596.85483,0.00213059387169778,-0.00106529693584889,-0.00532648479565978
1743278596.85984,0,-0.003195890923962,-0.00745707890018821
1743278596.86484,-0.00213059387169778,0,-0.00532648479565978
1743278596.86984,0.00106529693584889,-0.00426118774339557,-0.00852237548679113
1743278596.87484,-0.00213059387169778,0.00213059387169778,0
1743278596.87984,-0.003195890923962,-0.00852237548679113,-0.00106529693584889
1743278596.88485,0.00745707890018821,-0.00745707890018821,-0.003195890923962
1743278596.88985,0.00106529693584889,-0.00745707890018821,-0.00532648479565978
1743278596.89485,-0.00106529693584889,-0.00745707890018821,-0.00106529693584889
1743278596.89985,0,-0.00639178184792399,-0.003195890923962
1743278596.90485,0.00532648479565978,-0.00532648479565978,-0.003195890923962
1743278596.90986,0.003195890923962,-0.00426118774339557,0
1743278596.91486,-0.003195890923962,-0.00426118774339557,-0.00852237548679113
1743278596.91986,0.00426118774339557,-0.00532648479565978,-0.00426118774339557
1743278596.92486,0.00213059387169778,-0.00958767253905535,0
1743278596.92986,-0.00106529693584889,-0.00639178184792399,-0.00213059387169778
1743278596.93487,-0.00213059387169778,-0.00852237548679113,-0.00532648479565978
1743278596.93987,-0.00106529693584889,0,-0.00213059387169778
1743278596.94487,0.00106529693584889,-0.00745707890018821,-0.00532648479565978
1743278596.94987,0.00106529693584889,-0.00426118774339557,-0.00532648479565978
1743278596.95487,-0.00213059387169778,-0.00745707890018821,-0.00426118774339557
1743278596.95988,-0.00106529693584889,-0.00532648479565978,-0.003195890923962
1743278596.96488,0.00106529693584889,-0.00426118774339557,-0.00426118774339557
1743278596.96988,0.00213059387169778,-0.00639178184792399,-0.003195890923962
1743278596.97488,-0.003195890923962,-0.00213059387169778,-0.003195890923962
1743278596.97988,0,-0.00958767253905535,-0.00426118774339557
1743278596.98488,0,-0.00852237548679113,-0.00639178184792399
1743278596.98989,0.00213059387169778,-0.003195890923962,-0.00426118774339557
1743278596.99489,-0.00213059387169778,-0.00532648479565978,-0.00213059387169778
1743278596.99989,0,-0.00213059387169778,-0.00532648479565978
1743278597.00489,-0.00213059387169778,-0.003195890923962,-0.003195890923962
1743278597.0099,0.00213059387169778,-0.00852237548679113,0.00213059387169778
1743278597.0149,-0.00106529693584889,-0.00213059387169778,-0.003195890923962
1743278597.0199,0.00213059387169778,-0.00532648479565978,-0.003195890923962
1743278597.0249,-0.00213059387169778,-0.00639178184792399,0.00106529693584889
1743278597.0299,0.00106529693584889,-0.003195890923962,-0.003195890923962
1743278597.0349,-0.00213059387169778,-0.00745707890018821,-0.003195890923962
1743278597.03991,0.00213059387169778,-0.00639178184792399,-0.00639178184792399
1743278597.04491,-0.003195890923962,-0.00745707890018821,-0.00639178184792399
1743278597.04991,0,-0.003195890923962,-0.00213059387169778
1743278597.05491,0.00106529693584889,-0.00426118774339557,-0.00532648479565978
1743278597.05991,-0.00106529693584889,-0.00852237548679113,0
1743278597.06492,0.003195890923962,-0.003195890923962,-0.00426118774339557
1743278597.06992,-0.003195890923962,-0.00532648479565978,-0.003195890923962
1743278597.07492,-0.00213059387169778,-0.00532648479565978,-0.00106529693584889
1743278597.07992,0.00106529693584889,-0.00426118774339557,-0.00639178184792399
1743278597.08492,0.00213059387169778,-0.00532648479565978,-0.00106529693584889
1743278597.08993,-0.00106529693584889,-0.00426118774339557,-0.00745707890018821
1743278597.09493,0.00213059387169778,-0.00639178184792399,-0.003195890923962
1743278597.09993,0.00213059387169778,-0.00639178184792399,-0.00106529693584889
1743278597.10493,-0.00106529693584889,-0.00532648479565978,-0.00213059387169778
1743278597.10993,0,-0.00426118774339557,-0.00213059387169778
1743278597.11494,0.00106529693584889,-0.00532648479565978,-0.00213059387169778
1743278597.11994,-0.00213059387169778,-0.00745707890018821,0
1743278597.12494,0.00106529693584889,-0.003195890923962,-0.00639178184792399
1743278597.12994,-0.00106529693584889,-0.00213059387169778,-0.00213059387169778
1743278597.13494,0.003195890923962,-0.00106529693584889,0.00106529693584889
1743278597.13995,0.00213059387169778,-0.00532648479565978,-0.003195890923962
1743278597.14495,-0.00106529693584889,-0.003195890923962,-0.00532648479565978
1743278597.14995,0.00106529693584889,-0.00213059387169778,-0.00426118774339557
1743278597.15495,0,-0.00639178184792399,-0.00213059387169778
1743278597.15995,0,-0.00852237548679113,0
1743278597.16496,0.00106529693584889,-0.0117182666435838,-0.00426118774339557
1743278597.16996,0.00426118774339557,-0.00532648479565978,-0.00213059387169778
1743278597.17496,0.003195890923962,-0.00426118774339557,-0.00426118774339557
1743278597.17996,-0.00213059387169778,-0.00426118774339557,-0.00532648479565978
1743278597.18496,0,-0.00106529693584889,-0.00426118774339557
1743278597.18997,-0.00106529693584889,-0.00426118774339557,-0.00213059387169778
1743278597.19497,-0.00106529693584889,-0.00745707890018821,-0.003195890923962
1743278597.19997,0.00106529693584889,-0.0106529695913196,-0.00426118774339557
1743278597.20497,0.003195890923962,-0.00532648479565978,0
1743278597.20997,0,-0.00532648479565978,-0.00852237548679113
1743278597.21498,0.00106529693584889,-0.00213059387169778,-0.00213059387169778
1743278597.21998,0.00106529693584889,-0.00426118774339557,-0.003195890923962
1743278597.22498,0.003195890923962,-0.00426118774339557,-0.00532648479565978
1743278597.22998,-0.00106529693584889,-0.00426118774339557,-0.00106529693584889
1743278597.23498,0.00213059387169778,-0.00532648479565978,-0.00639178184792399
1743278597.23999,0.00213059387169778,-0.00532648479565978,-0.00532648479565978
1743278597.24499,0.00106529693584889,0,-0.00532648479565978
1743278597.24999,0,-0.00106529693584889,-0.00426118774339557
1743278597.25499,-0.00106529693584889,-0.00639178184792399,-0.00639178184792399
1743278597.25999,0.003195890923962,-0.00532648479565978,0.00213059387169778
1743278597.26506,0.00213059387169778,-0.00745707890018821,-0.00532648479565978
1743278597.27007,0.00106529693584889,-0.00213059387169778,-0.00532648479565978
1743278597.27507,0.00213059387169778,-0.00639178184792399,-0.00213059387169778
1743278597.28007,0.00426118774339557,-0.00426118774339557,-0.00532648479565978
1743278597.28507,0.00106529693584889,-0.00639178184792399,-0.003195890923962
1743278597.29007,0.00106529693584889,-0.00852237548679113,-0.003195890923962
1743278597.29508,0.003195890923962,-0.003195890923962,-0.00532648479565978
1743278597.30008,0.00106529693584889,0.00213059387169778,-0.00213059387169778
1743278597.30508,-0.00106529693584889,-0.00426118774339557,-0.003195890923962
1743278597.31008,0.00639178184792399,-0.00852237548679113,0.00213059387169778
1743278597.31508,0.003195890923962,-0.00745707890018821,-0.00639178184792399
1743278597.32009,-0.00106529693584889,-0.00958767253905535,-0.003195890923962
1743278597.32509,0.00426118774339557,-0.00426118774339557,-0.00213059387169778
1743278597.33009,0.003195890923962,-0.00106529693584889,-0.00639178184792399
1743278597.33509,-0.00106529693584889,-0.00639178184792399,-0.00426118774339557
1743278597.34009,0,-0.00639178184792399,-0.00213059387169778
1743278597.3451,0.00426118774339557,-0.00426118774339557,-0.003195890923962
1743278597.3501,0.00106529693584889,-0.00745707890018821,0
1743278597.3551,0.00106529693584889,-0.00213059387169778,-0.00426118774339557
1743278597.3601,0.00213059387169778,-0.00426118774339557,-0.00106529693584889
1743278597.3651,0.00106529693584889,-0.00426118774339557,-0.00213059387169778
1743278597.37011,-0.003195890923962,-0.00213059387169778,-0.00213059387169778
1743278597.37511,-0.00213059387169778,-0.00639178184792399,-0.00213059387169778
1743278597.38011,0,-0.00639178184792399,-0.00426118774339557
1743278597.38511,0.00213059387169778,-0.00639178184792399,-0.003195890923962
1743278597.39011,0.00213059387169778,-0.00745707890018821,0.003195890923962
1743278597.39512,-0.003195890923962,-0.00426118774339557,-0.00745707890018821
1743278597.40012,0.00106529693584889,-0.00745707890018821,-0.00213059387169778
1743278597.40512,0,-0.00426118774339557,0
1743278597.41012,0,-0.00213059387169778,-0.003195890923962
1743278597.41512,0.00106529693584889,-0.00106529693584889,-0.00852237548679113
1743278597.42013,-0.00106529693584889,-0.00213059387169778,0.00106529693584889
1743278597.42513,-0.00213059387169778,-0.003195890923962,-0.00213059387169778
1743278597.43013,-0.003195890923962,-0.00745707890018821,-0.00532648479565978
1743278597.43513,-0.00106529693584889,0,-0.00639178184792399
1743278597.44013,0,-0.00958767253905535,-0.00426118774339557
1743278597.44514,0.003195890923962,-0.003195890923962,-0.00532648479565978
1743278597.45014,0.00213059387169778,-0.00852237548679113,-0.00426118774339557
1743278597.45514,0.00426118774339557,-0.00639178184792399,-0.00532648479565978
1743278597.46014,0,-0.00213059387169778,-0.00532648479565978
1743278597.46514,0.00106529693584889,-0.00958767253905535,-0.00639178184792399
1743278597.47014,0.00213059387169778,-0.00852237548679113,-0.00426118774339557
1743278597.47515,-0.00213059387169778,-0.00532648479565978,-0.003195890923962
1743278597.48015,0.00213059387169778,-0.00106529693584889,-0.00532648479565978
1743278597.48515,0,0,-0.00213059387169778
1743278597.49015,-0.003195890923962,-0.00639178184792399,-0.00426118774339557
1743278597.49515,-0.00106529693584889,-0.00532648479565978,-0.00852237548679113
1743278597.50016,0.00213059387169778,-0.003195890923962,-0.00213059387169778
1743278597.50516,-0.00213059387169778,-0.003195890923962,-0.00745707890018821
1743278597.51016,-0.00213059387169778,-0.003195890923962,0
1743278597.51516,-0.00426118774339557,-0.00639178184792399,-0.00639178184792399
1743278597.52016,-0.00532648479565978,-0.00639178184792399,-0.003195890923962
1743278597.52517,-0.00106529693584889,-0.00639178184792399,-0.00532648479565978
1743278597.53017,0.00213059387169778,-0.00426118774339557,-0.00213059387169778
1743278597.53517,0.003195890923962,-0.0117182666435838,-0.00106529693584889
1743278597.54017,0.00106529693584889,-0.00532648479565978,0
1743278597.54517,0,-0.00745707890018821,0
1743278597.55018,0.00213059387169778,-0.00852237548679113,0.00106529693584889
1743278597.55518,0,-0.003195890923962,-0.00426118774339557
1743278597.56018,0,-0.00745707890018821,-0.00852237548679113
1743278597.56518,0,-0.00426118774339557,-0.00426118774339557
1743278597.57018,0,-0.00958767253905535,0
1743278597.57519,0,-0.00106529693584889,-0.00426118774339557
1743278597.58019,0.00213059387169778,0,-0.003195890923962
1743278597.58519,-0.00213059387169778,0,-0.003195890923962
1743278597.59019,0,-0.00426118774339557,0
1743278597.59519,-0.00106529693584889,-0.00852237548679113,-0.00426118774339557
1743278597.6002,0.003195890923962,-0.00639178184792399,-0.003195890923962
1743278597.6052,-0.00426118774339557,-0.003195890923962,-0.003195890923962
1743278597.6102,0.00106529693584889,-0.00426118774339557,0
1743278597.6152,0.00213059387169778,-0.00852237548679113,-0.00639178184792399
1743278597.6202,0,-0.00213059387169778,-0.00426118774339557
1743278597.62521,0,-0.00639178184792399,-0.00213059387169778
1743278597.63021,0,-0.00852237548679113,0.00106529693584889
1743278597.63521,0,-0.00213059387169778,-0.00532648479565978
1743278597.64021,-0.00106529693584889,-0.003195890923962,-0.003195890923962
1743278597.64521,0.00213059387169778,-0.00426118774339557,-0.00532648479565978
1743278597.65022,-0.00426118774339557,-0.00106529693584889,-0.00213059387169778
1743278597.65522,-0.00106529693584889,-0.00213059387169778,-0.00532648479565978
1743278597.66022,0,-0.00213059387169778,-0.00426118774339557
1743278597.66522,0,-0.00745707890018821,-0.00852237548679113
1743278597.67022,0,-0.00106529693584889,-0.00426118774339557
1743278597.67523,-0.00106529693584889,-0.00639178184792399,-0.00532648479565978
1743278597.68023,0.00106529693584889,-0.00426118774339557,-0.00426118774339557
1743278597.68523,0.003195890923962,-0.00532648479565978,-0.00639178184792399
1743278597.69023,0.003195890923962,-0.00958767253905535,-0.003195890923962
1743278597.69523,-0.00213059387169778,-0.00106529693584889,-0.00532648479565978
1743278597.70024,-0.00106529693584889,-0.003195890923962,-0.003195890923962
1743278597.70524,-0.00106529693584889,-0.00213059387169778,0.00106529693584889
1743278597.71024,0.00106529693584889,-0.00745707890018821,-0.003195890923962
1743278597.71524,-0.00106529693584889,-0.00213059387169778,-0.00532648479565978
1743278597.72024,0,-0.00426118774339557,-0.003195890923962
1743278597.72525,-0.00106529693584889,-0.00213059387169778,-0.003195890923962
1743278597.73025,0,-0.003195890923962,-0.00106529693584889
1743278597.73525,-0.00532648479565978,-0.00852237548679113,-0.00745707890018821
1743278597.74025,0.00213059387169778,-0.0106529695913196,-0.00106529693584889
1743278597.74525,-0.00106529693584889,-0.00532648479565978,-0.00639178184792399
1743278597.75026,0.00106529693584889,-0.00745707890018821,-0.00426118774339557
1743278597.75526,-0.00106529693584889,0.00213059387169778,-0.00532648479565978
1743278597.76026,-0.00213059387169778,-0.00426118774339557,-0.003195890923962
1743278597.7653,0.003195890923962,-0.00213059387169778,0.00106529693584889
1743278597.7703,0.00106529693584889,-0.00639178184792399,-0.00532648479565978
1743278597.7753,-0.00106529693584889,-0.00426118774339557,-0.00106529693584889
1743278597.78031,0.00106529693584889,-0.00426118774339557,-0.00213059387169778
1743278597.78531,0,-0.00213059387169778,-0.00213059387169778
1743278597.79031,0.00106529693584889,-0.00639178184792399,-0.00426118774339557
1743278597.79531,0.00213059387169778,-0.00852237548679113,-0.00426118774339557
1743278597.80031,0,-0.00852237548679113,-0.00532648479565978
1743278597.80532,0.00213059387169778,-0.00426118774339557,-0.003195890923962
1743278597.81032,0.00106529693584889,-0.00532648479565978,0
1743278597.81532,0.00213059387169778,-0.00426118774339557,-0.00213059387169778
1743278597.82032,0.00106529693584889,-0.00426118774339557,0
1743278597.82532,0.00106529693584889,-0.00426118774339557,-0.00532648479565978
1743278597.83033,-0.00106529693584889,-0.00426118774339557,-0.00213059387169778
1743278597.83533,0.00106529693584889,-0.003195890923962,-0.00213059387169778
1743278597.84033,0.003195890923962,-0.00532648479565978,0
1743278597.84533,-0.003195890923962,-0.00532648479565978,-0.003195890923962
1743278597.85033,0,-0.00958767253905535,-0.003195890923962
1743278597.85534,-0.00213059387169778,-0.00532648479565978,-0.00532648479565978
1743278597.86034,0.00106529693584889,-0.00532648479565978,0
1743278597.86534,0.003195890923962,-0.00745707890018821,-0.00532648479565978
1743278597.87034,0.003195890923962,-0.00426118774339557,-0.00852237548679113
1743278597.87534,0.003195890923962,-0.00745707890018821,-0.00213059387169778
1743278597.88035,0.003195890923962,-0.00639178184792399,-0.00426118774339557
1743278597.88535,-0.00106529693584889,-0.00852237548679113,-0.00426118774339557
1743278597.89035,0.00106529693584889,-0.00532648479565978,-0.00426118774339557
1743278597.89535,0.00426118774339557,-0.003195890923962,-0.00958767253905535
1743278597.90035,0,-0.00106529693584889,-0.003195890923962
1743278597.90536,0,-0.003195890923962,-0.00639178184792399
1743278597.91036,0,-0.00852237548679113,-0.003195890923962
1743278597.91536,-0.00213059387169778,-0.00426118774339557,-0.003195890923962
1743278597.92036,-0.00106529693584889,-0.00532648479565978,-0.00106529693584889
1743278597.92536,0.003195890923962,-0.00639178184792399,-0.00426118774339557
1743278597.93037,-0.00213059387169778,-0.00639178184792399,-0.00532648479565978
1743278597.93537,0.00213059387169778,-0.00426118774339557,-0.00106529693584889
1743278597.94037,-0.00106529693584889,-0.00639178184792399,-0.003195890923962
1743278597.94537,-0.00106529693584889,-0.003195890923962,-0.00639178184792399
1743278597.95037,0.003195890923962,-0.00745707890018821,-0.00426118774339557
1743278597.95537,0.00106529693584889,-0.00532648479565978,-0.00426118774339557
1743278597.96038,0.00106529693584889,-0.00745707890018821,-0.00213059387169778
1743278597.96538,0.00106529693584889,-0.00426118774339557,-0.00213059387169778
1743278597.97038,0.00213059387169778,-0.003195890923962,-0.00639178184792399
1743278597.97538,0,-0.00426118774339557,-0.00426118774339557
1743278597.98039,0.00426118774339557,-0.00745707890018821,0.00106529693584889
1743278597.98539,0.00106529693584889,-0.00639178184792399,-0.003195890923962
1743278597.99039,0.00426118774339557,-0.00958767253905535,-0.00426118774339557
1743278597.99539,0.00213059387169778,-0.00532648479565978,-0.00213059387169778
1743278598.00039,-0.00213059387169778,-0.00426118774339557,-0.00532648479565978
1743278598.0054,0.003195890923962,-0.0106529695913196,-0.00213059387169778
1743278598.0104,0.00213059387169778,-0.00745707890018821,0
1743278598.0154,-0.003195890923962,-0.00213059387169778,-0.00532648479565978
1743278598.0204,0.00106529693584889,-0.00532648479565978,-0.00639178184792399
1743278598.0254,0,-0.00106529693584889,-0.00426118774339557
1743278598.0304,0.003195890923962,-0.00532648479565978,0.003195890923962
1743278598.03541,0.00213059387169778,-0.00852237548679113,-0.00213059387169778
1743278598.04041,0,-0.003195890923962,-0.00532648479565978
1743278598.04541,0.00213059387169778,-0.00532648479565978,-0.00106529693584889
1743278598.05041,0,-0.00745707890018821,-0.00106529693584889
1743278598.05541,0.00106529693584889,-0.00532648479565978,-0.00639178184792399
1743278598.06042,-0.00213059387169778,-0.00639178184792399,-0.00532648479565978
1743278598.06542,0.00106529693584889,-0.003195890923962,-0.00106529693584889
1743278598.07042,0.00106529693584889,-0.003195890923962,-0.00213059387169778
1743278598.07542,-0.00426118774339557,-0.00213059387169778,-0.00639178184792399
1743278598.08043,-0.003195890923962,0.00213059387169778,-0.00639178184792399
1743278598.08543,-0.00106529693584889,-0.003195890923962,0.00426118774339557
1743278598.09043,0.00213059387169778,-0.0106529695913196,-0.00639178184792399
1743278598.09543,0.003195890923962,-0.003195890923962,-0.003195890923962
1743278598.10043,0.00106529693584889,-0.003195890923962,-0.00106529693584889
1743278598.10543,0.00213059387169778,-0.00852237548679113,-0.00106529693584889
1743278598.11044,0,-0.0117182666435838,-0.00745707890018821
1743278598.11544,0,-0.00745707890018821,-0.003195890923962
1743278598.12044,0,-0.00745707890018821,-0.00426118774339557
1743278598.12544,0.00532648479565978,-0.00532648479565978,-0.003195890923962
1743278598.13044,0.00213059387169778,-0.00745707890018821,-0.003195890923962
1743278598.13545,-0.00213059387169778,-0.00532648479565978,-0.00426118774339557
1743278598.14045,0,-0.00958767253905535,-0.003195890923962
1743278598.14545,0.00106529693584889,-0.00639178184792399,-0.00532648479565978
1743278598.15045,-0.00426118774339557,-0.00426118774339557,-0.00426118774339557
1743278598.15545,-0.00106529693584889,-0.003195890923962,-0.00532648479565978
1743278598.16046,0.00213059387169778,-0.00639178184792399,-0.003195890923962
1743278598.16546,0.00213059387169778,-0.003195890923962,-0.00106529693584889
1743278598.17046,0.00106529693584889,-0.00639178184792399,-0.00106529693584889
1743278598.17546,-0.003195890923962,-0.00745707890018821,-0.00639178184792399
1743278598.18046,-0.003195890923962,-0.0106529695913196,-0.00426118774339557
1743278598.18547,0.00213059387169778,-0.00639178184792399,-0.003195890923962
1743278598.19047,0,-0.003195890923962,-0.00426118774339557
1743278598.19547,0.00106529693584889,-0.00426118774339557,-0.003195890923962
1743278598.20047,-0.00106529693584889,-0.00745707890018821,0.00213059387169778
1743278598.20547,0,-0.00639178184792399,-0.00532648479565978
1743278598.21048,0.00213059387169778,-0.00426118774339557,-0.003195890923962
1743278598.21548,0,-0.00745707890018821,-0.003195890923962
1743278598.22048,-0.003195890923962,-0.00106529693584889,-0.00532648479565978
1743278598.22548,0.00213059387169778,-0.00532648479565978,-0.00426118774339557
1743278598.23048,0.00532648479565978,-0.003195890923962,-0.00426118774339557
1743278598.23549,0.00106529693584889,-0.00426118774339557,-0.00639178184792399
1743278598.24049,0.00106529693584889,-0.00426118774339557,-0.00106529693584889
1743278598.24549,0.00106529693584889,-0.00745707890018821,-0.003195890923962
1743278598.25049,0.00213059387169778,-0.00426118774339557,-0.003195890923962
1743278598.25549,0.00106529693584889,-0.00213059387169778,-0.00532648479565978
1743278598.2605,0.003195890923962,-0.00426118774339557,-0.00426118774339557
1743278598.26554,0,-0.00639178184792399,-0.00213059387169778
1743278598.27055,-0.00106529693584889,-0.00106529693584889,-0.00639178184792399
1743278598.27555,-0.00213059387169778,-0.00639178184792399,-0.00426118774339557
1743278598.28055,0.00106529693584889,-0.00532648479565978,-0.00106529693584889
1743278598.28555,-0.00106529693584889,0,-0.00426118774339557
1743278598.29056,0,-0.00426118774339557,-0.003195890923962
1743278598.29556,0,-0.00106529693584889,-0.00639178184792399
1743278598.30056,0,-0.00213059387169778,-0.00213059387169778
1743278598.30556,-0.00106529693584889,-0.00426118774339557,-0.003195890923962
1743278598.31056,0.00106529693584889,-0.00426118774339557,-0.00426118774339557
1743278598.31556,-0.00106529693584889,-0.00426118774339557,-0.00426118774339557
1743278598.32057,0,-0.00745707890018821,-0.00639178184792399
1743278598.32557,-0.00106529693584889,-0.00532648479565978,-0.00426118774339557
1743278598.33057,-0.00213059387169778,-0.00639178184792399,-0.00213059387169778
1743278598.33557,0.00213059387169778,-0.00639178184792399,-0.00426118774339557
1743278598.34057,0.00106529693584889,-0.003195890923962,-0.00106529693584889
1743278598.34558,0.00639178184792399,-0.003195890923962,-0.00426118774339557
1743278598.35058,0.00213059387169778,-0.00532648479565978,-0.00106529693584889
1743278598.35558,-0.00106529693584889,0.003195890923962,-0.00106529693584889
1743278598.36058,-0.00213059387169778,-0.00106529693584889,-0.00426118774339557
1743278598.36558,0.00106529693584889,-0.00426118774339557,-0.003195890923962
1743278598.37059,0,-0.00426118774339557,-0.00426118774339557
1743278598.37559,-0.00106529693584889,-0.00213059387169778,-0.00106529693584889
1743278598.38059,0.003195890923962,-0.00213059387169778,-0.00852237548679113
1743278598.38559,0.00106529693584889,-0.00213059387169778,0.00213059387169778
1743278598.39059,-0.00213059387169778,-0.00532648479565978,-0.00213059387169778
1743278598.3956,0.00213059387169778,-0.003195890923962,-0.003195890923962
1743278598.4006,-0.00106529693584889,-0.00745707890018821,-0.00852237548679113
1743278598.4056,0.00106529693584889,-0.00426118774339557,-0.003195890923962
1743278598.4106,-0.00106529693584889,-0.00532648479565978,0.00106529693584889
1743278598.4156,-0.00106529693584889,-0.00639178184792399,-0.00532648479565978
1743278598.42061,0.00426118774339557,-0.00213059387169778,0.00106529693584889
1743278598.42561,0.00426118774339557,-0.00958767253905535,-0.00532648479565978
1743278598.43061,0,-0.00426118774339557,-0.00426118774339557
1743278598.43561,0.003195890923962,-0.003195890923962,-0.00426118774339557
1743278598.44061,0,-0.003195890923962,-0.00106529693584889
1743278598.44562,-0.003195890923962,-0.00745707890018821,-0.00639178184792399
1743278598.45062,0.00106529693584889,-0.00106529693584889,-0.00213059387169778
1743278598.45562,-0.00106529693584889,-0.00532648479565978,-0.003195890923962
1743278598.46062,0.00213059387169778,-0.00639178184792399,-0.003195890923962
1743278598.46562,0.003195890923962,-0.00745707890018821,-0.003195890923962
1743278598.47063,0,-0.0138488598167896,-0.00106529693584889
1743278598.47563,0.003195890923962,-0.00426118774339557,-0.00639178184792399
1743278598.48063,0.003195890923962,-0.003195890923962,0
1743278598.48563,0.00106529693584889,-0.003195890923962,-0.00426118774339557
1743278598.49063,-0.003195890923962,0.00106529693584889,-0.00106529693584889
1743278598.49564,0,-0.00426118774339557,-0.00958767253905535
1743278598.50064,-0.003195890923962,-0.00426118774339557,-0.003195890923962
1743278598.50564,0,-0.003195890923962,-0.00106529693584889
1743278598.51064,0.003195890923962,-0.00745707890018821,-0.003195890923962
1743278598.51564,0,-0.00639178184792399,-0.00639178184792399
1743278598.52065,0.00213059387169778,-0.00213059387169778,0
1743278598.52565,0,-0.00532648479565978,-0.003195890923962
1743278598.53065,0,-0.00745707890018821,-0.00106529693584889
1743278598.53565,0.00106529693584889,-0.00426118774339557,-0.003195890923962
1743278598.54065,0.00106529693584889,-0.0106529695913196,-0.00426118774339557
1743278598.54566,0.003195890923962,-0.00639178184792399,-0.00639178184792399
1743278598.55066,0,-0.003195890923962,0.00106529693584889
1743278598.55566,0.003195890923962,-0.00852237548679113,-0.00426118774339557
1743278598.56066,0,-0.003195890923962,-0.00426118774339557
1743278598.56566,0.003195890923962,-0.00426118774339557,0.00106529693584889
1743278598.57067,0.00213059387169778,-0.00639178184792399,-0.00213059387169778
1743278598.57567,0.00213059387169778,-0.00426118774339557,-0.003195890923962
1743278598.58067,0,-0.00426118774339557,-0.00213059387169778
1743278598.58567,0.00106529693584889,-0.00639178184792399,-0.00426118774339557
1743278598.59067,0.00213059387169778,-0.00426118774339557,-0.00958767253905535
1743278598.59568,0.003195890923962,-0.00426118774339557,0.00106529693584889
1743278598.60068,0,-0.0106529695913196,0
1743278598.60568,-0.00426118774339557,-0.00745707890018821,-0.00532648479565978
1743278598.61068,0,-0.00426118774339557,-0.00213059387169778
1743278598.61568,0.00213059387169778,-0.00426118774339557,-0.00426118774339557
1743278598.62069,0,-0.00639178184792399,-0.00639178184792399
1743278598.62569,0.00106529693584889,-0.0106529695913196,0.00106529693584889
1743278598.63069,0.00213059387169778,-0.00426118774339557,-0.00745707890018821
1743278598.63569,0,-0.0117182666435838,-0.00106529693584889
1743278598.64069,0,-0.00106529693584889,-0.00532648479565978
1743278598.6457,0.00213059387169778,-0.00532648479565978,-0.00426118774339557
1743278598.6507,0.00639178184792399,-0.003195890923962,0
1743278598.6557,0.00213059387169778,-0.00426118774339557,0
1743278598.6607,-0.00213059387169778,-0.00532648479565978,-0.00532648479565978
1743278598.6657,0.00106529693584889,-0.00532648479565978,-0.00532648479565978
1743278598.67071,0.00106529693584889,-0.00426118774339557,-0.00745707890018821
1743278598.67571,0,-0.003195890923962,-0.003195890923962
1743278598.68071,-0.00106529693584889,-0.00426118774339557,-0.00106529693584889
1743278598.68571,-0.003195890923962,-0.00426118774339557,-0.003195890923962
1743278598.69071,0,-0.003195890923962,-0.00532648479565978
1743278598.69572,0.00213059387169778,-0.003195890923962,-0.00106529693584889
1743278598.70072,0.00106529693584889,-0.00426118774339557,-0.00532648479565978
1743278598.70572,0,-0.00639178184792399,-0.003195890923962
1743278598.71072,0,-0.00745707890018821,-0.00639178184792399
1743278598.71572,-0.00106529693584889,-0.003195890923962,-0.00532648479565978
1743278598.72073,-0.00213059387169778,-0.00213059387169778,-0.00426118774339557
1743278598.72573,-0.00106529693584889,-0.00745707890018821,-0.00852237548679113
1743278598.73073,0.00106529693584889,-0.00213059387169778,-0.00745707890018821
1743278598.73573,0.00106529693584889,-0.0106529695913196,0
1743278598.74073,-0.00213059387169778,-0.00426118774339557,-0.00106529693584889
1743278598.74574,-0.00213059387169778,-0.00532648479565978,-0.00745707890018821
1743278598.75074,0.00106529693584889,-0.00958767253905535,-0.00213059387169778
1743278598.75574,0.00106529693584889,-0.00958767253905535,-0.00426118774339557
1743278598.76074,-0.003195890923962,-0.00745707890018821,-0.00426118774339557
1743278598.76576,0,-0.00639178184792399,-0.00213059387169778
1743278598.77076,0.00532648479565978,-0.00532648479565978,-0.00532648479565978
1743278598.77576,0,-0.00639178184792399,-0.00106529693584889
1743278598.78076,0.003195890923962,-0.00639178184792399,0.00106529693584889
1743278598.78577,0.00213059387169778,-0.00426118774339557,-0.003195890923962
1743278598.79077,0,-0.00639178184792399,-0.00532648479565978
1743278598.79577,0.00639178184792399,-0.00852237548679113,-0.00426118774339557
1743278598.80077,0,-0.00213059387169778,-0.00426118774339557
1743278598.80577,-0.00213059387169778,-0.00639178184792399,-0.00426118774339557
1743278598.81078,0.00426118774339557,-0.00532648479565978,-0.003195890923962
1743278598.81578,0,-0.00852237548679113,-0.003195890923962
1743278598.82078,0.00106529693584889,-0.00745707890018821,-0.003195890923962
1743278598.82578,0,-0.00426118774339557,-0.00426118774339557
1743278598.83078,0,-0.00639178184792399,-0.00426118774339557
1743278598.83579,0.00106529693584889,-0.00426118774339557,-0.00852237548679113
1743278598.84079,0.003195890923962,-0.00532648479565978,-0.00106529693584889
1743278598.84579,0.00106529693584889,-0.00532648479565978,-0.003195890923962
1743278598.85079,0.00106529693584889,-0.00639178184792399,-0.00106529693584889
1743278598.85579,0.003195890923962,-0.00958767253905535,-0.00532648479565978
1743278598.8608,-0.003195890923962,-0.00426118774339557,0.00106529693584889
1743278598.8658,0.00213059387169778,-0.003195890923962,-0.00426118774339557
1743278598.8708,0.00426118774339557,-0.00532648479565978,0
1743278598.8758,0.003195890923962,-0.00745707890018821,-0.00213059387169778
1743278598.8808,0.003195890923962,-0.00532648479565978,-0.00852237548679113
1743278598.88581,0.00106529693584889,-0.003195890923962,-0.00106529693584889
1743278598.89081,0.00213059387169778,-0.00213059387169778,-0.00745707890018821
1743278598.89581,-0.00106529693584889,-0.003195890923962,-0.00639178184792399
1743278598.90081,0.003195890923962,-0.00532648479565978,-0.00106529693584889
1743278598.90581,0,-0.00745707890018821,-0.00532648479565978
1743278598.91082,0.00213059387169778,-0.003195890923962,0.003195890923962
1743278598.91582,0,-0.00639178184792399,-0.00639178184792399
1743278598.92082,-0.00213059387169778,-0.00532648479565978,0
1743278598.92582,0.003195890923962,-0.00426118774339557,-0.00532648479565978
1743278598.93082,0,-0.00426118774339557,-0.003195890923962
1743278598.93583,0.003195890923962,-0.00426118774339557,-0.003195890923962
1743278598.94083,0.00106529693584889,-0.00213059387169778,-0.00426118774339557
1743278598.94583,-0.003195890923962,-0.003195890923962,-0.003195890923962
1743278598.95083,0.00106529693584889,-0.003195890923962,-0.00213059387169778
1743278598.95583,0.00532648479565978,-0.00532648479565978,-0.00426118774339557
1743278598.96083,0,-0.003195890923962,-0.00639178184792399
1743278598.96584,0.00213059387169778,-0.00532648479565978,-0.00426118774339557
1743278598.97084,0,-0.00426118774339557,-0.00426118774339557
1743278598.97584,0.00213059387169778,-0.00426118774339557,-0.003195890923962
1743278598.98084,0.00106529693584889,-0.00958767253905535,-0.00213059387169778
1743278598.98585,0,-0.00852237548679113,-0.00426118774339557
1743278598.99085,-0.00213059387169778,-0.00532648479565978,-0.00745707890018821
1743278598.99585,0.00213059387169778,-0.00745707890018821,-0.00426118774339557
1743278599.00085,-0.00213059387169778,0.00213059387169778,-0.00532648479565978
1743278599.00585,-0.00106529693584889,-0.00426118774339557,-0.00213059387169778
1743278599.01086,0,-0.00639178184792399,-0.00426118774339557
1743278599.01586,0,-0.00532648479565978,-0.00426118774339557
1743278599.02086,0.003195890923962,-0.003195890923962,-0.00213059387169778
1743278599.02586,0.00213059387169778,-0.00426118774339557,-0.00639178184792399
1743278599.03086,-0.00213059387169778,-0.00532648479565978,-0.00426118774339557
1743278599.03586,0.00106529693584889,-0.00106529693584889,0
1743278599.04087,-0.003195890923962,-0.00852237548679113,-0.00639178184792399
1743278599.04587,0.00106529693584889,-0.00213059387169778,-0.003195890923962
1743278599.05087,-0.00106529693584889,-0.00213059387169778,-0.00106529693584889
1743278599.05587,0.003195890923962,-0.00639178184792399,-0.00426118774339557
1743278599.06087,0,-0.003195890923962,-0.00426118774339557
1743278599.06588,0.00213059387169778,-0.00745707890018821,0
1743278599.07088,0.003195890923962,-0.00852237548679113,-0.00532648479565978
1743278599.07588,0.00639178184792399,-0.00532648479565978,-0.00639178184792399
1743278599.08088,0.00213059387169778,-0.00852237548679113,-0.003195890923962
1743278599.08588,0.003195890923962,-0.00639178184792399,-0.00532648479565978
1743278599.09089,0.00106529693584889,-0.00213059387169778,-0.003195890923962
1743278599.09589,0.00426118774339557,-0.00426118774339557,-0.00532648479565978
1743278599.10089,-0.003195890923962,-0.00213059387169778,-0.003195890923962
1743278599.10589,0,-0.00852237548679113,-0.003195890923962
1743278599.11089,0,-0.012783563695848,-0.00532648479565978
1743278599.1159,0.00639178184792399,-0.00852237548679113,-0.003195890923962
1743278599.1209,0.003195890923962,-0.00745707890018821,-0.00639178184792399
1743278599.1259,-0.00213059387169778,-0.00745707890018821,-0.00426118774339557
1743278599.1309,0.00106529693584889,-0.00532648479565978,-0.00213059387169778
1743278599.1359,-0.00106529693584889,-0.00213059387169778,-0.00106529693584889
1743278599.14091,0.00106529693584889,-0.00426118774339557,-0.00106529693584889
1743278599.14591,-0.003195890923962,-0.003195890923962,-0.00532648479565978
1743278599.15091,0.00213059387169778,-0.00426118774339557,-0.00426118774339557
1743278599.15591,0.00213059387169778,-0.00426118774339557,-0.00106529693584889
1743278599.16091,-0.00213059387169778,-0.00852237548679113,-0.00639178184792399
1743278599.16592,0.00532648479565978,-0.00426118774339557,-0.00213059387169778
1743278599.17092,0.00213059387169778,-0.00852237548679113,-0.003195890923962
1743278599.17592,0.00213059387169778,-0.00745707890018821,0.00106529693584889
1743278599.18092,-0.00106529693584889,-0.00532648479565978,-0.00532648479565978
1743278599.18592,-0.00106529693584889,-0.00532648479565978,-0.003195890923962
1743278599.19093,0.003195890923962,-0.00958767253905535,-0.00532648479565978
1743278599.19593,0.00532648479565978,-0.00213059387169778,-0.00532648479565978
1743278599.20093,-0.00213059387169778,-0.00639178184792399,-0.00426118774339557
1743278599.20593,0,-0.00532648479565978,-0.00745707890018821
1743278599.21093,0,-0.00426118774339557,-0.00213059387169778
1743278599.21594,0.003195890923962,-0.00745707890018821,-0.00106529693584889
1743278599.22094,0.00213059387169778,-0.00426118774339557,-0.00106529693584889
1743278599.22594,0.00106529693584889,-0.00213059387169778,-0.00213059387169778
1743278599.23094,0.00106529693584889,-0.00532648479565978,-0.003195890923962
1743278599.23594,0,-0.00852237548679113,-0.003195890923962
1743278599.24095,0.003195890923962,-0.00745707890018821,-0.00532648479565978
1743278599.24595,0.00213059387169778,-0.00213059387169778,0.00213059387169778
1743278599.25095,-0.00106529693584889,-0.00426118774339557,-0.003195890923962
1743278599.25595,0.003195890923962,0,-0.00106529693584889
1743278599.26095,0.00106529693584889,-0.00958767253905535,-0.00426118774339557
1743278599.26601,0,-0.00426118774339557,-0.003195890923962
1743278599.27101,-0.00213059387169778,-0.00532648479565978,-0.00532648479565978
1743278599.27601,0.003195890923962,-0.00852237548679113,-0.00213059387169778
1743278599.28101,0.00106529693584889,-0.00852237548679113,-0.00106529693584889
1743278599.28602,-0.00106529693584889,-0.00106529693584889,-0.00213059387169778
1743278599.29102,0.00106529693584889,-0.00639178184792399,-0.003195890923962
1743278599.29602,0.003195890923962,-0.0106529695913196,-0.00426118774339557
1743278599.30102,-0.00106529693584889,-0.003195890923962,-0.00532648479565978
1743278599.30602,-0.00106529693584889,-0.003195890923962,-0.003195890923962
1743278599.31103,-0.00106529693584889,0.00106529693584889,-0.00426118774339557
1743278599.31603,0.003195890923962,-0.00426118774339557,-0.00426118774339557
1743278599.32103,0.003195890923962,-0.00426118774339557,-0.00426118774339557
1743278599.32603,0.003195890923962,-0.00852237548679113,0.00106529693584889
1743278599.33103,-0.00106529693584889,-0.00106529693584889,-0.00426118774339557
1743278599.33604,0.003195890923962,-0.00639178184792399,-0.003195890923962
1743278599.34104,0.00106529693584889,-0.003195890923962,-0.00106529693584889
1743278599.34604,0.00106529693584889,-0.00639178184792399,-0.003195890923962
1743278599.35104,0,-0.00852237548679113,-0.00426118774339557
1743278599.35604,0.00213059387169778,-0.00426118774339557,-0.00745707890018821
1743278599.36105,0.00106529693584889,-0.00213059387169778,-0.00745707890018821
1743278599.36605,-0.00745707890018821,-0.00213059387169778,-0.00745707890018821
1743278599.37105,0.00106529693584889,-0.00532648479565978,-0.00426118774339557
1743278599.37605,0.00213059387169778,-0.00639178184792399,-0.00213059387169778
1743278599.38105,-0.00426118774339557,-0.003195890923962,0
1743278599.38606,-0.00106529693584889,-0.00426118774339557,-0.00106529693584889
1743278599.39106,-0.003195890923962,-0.00426118774339557,-0.00106529693584889
1743278599.39606,-0.00106529693584889,-0.00745707890018821,-0.00213059387169778
1743278599.40106,-0.00106529693584889,-0.003195890923962,-0.003195890923962
1743278599.40606,0.00213059387169778,-0.003195890923962,-0.00532648479565978
1743278599.41107,0.00213059387169778,-0.00532648479565978,-0.00106529693584889
1743278599.41607,0.00213059387169778,-0.00958767253905535,-0.003195890923962
1743278599.42107,0.00213059387169778,-0.00745707890018821,-0.00532648479565978
1743278599.42607,-0.00213059387169778,-0.00852237548679113,-0.003195890923962
