1743520157738083072
1743520157778195456
1743520157817838848
1743520157857629184
1743520157898101248
1743520157939255552
1743520157981091584
1743520158023609600
1743520158066371072
1743520158106897664
1743520158147608576
1743520158229582848
1743520158269903872
1743520158308392448
1743520158346723584
1743520158384706304
1743520158421679360
1743520158458385664
1743520158494775552
1743520158530675200
1743520158566281728
1743520158601600512
1743520158636646144
1743520158671399680
1743520158705869312
1743520158740233472
1743520158774317824
1743520158808134912
1743520158841927424
1743520158875457536
1743520158908707584
1743520158942044928
1743520158975139840
1743520159007955456
1743520159040919808
1743520159073660928
1743520159106141440
1743520159138800896
1743520159171255808
1743520159203467008
1743520159235886080
1743520159268118272
1743520159300164608
1743520159332317952
1743520159364401152
1743520159396316160
1743520159428061952
1743520159459639552
1743520159491048192
1743520159522288384
1743520159553359872
1743520159584262912
1743520159614995968
1743520159645561344
1743520159675958528
1743520159706186752
1743520159736246528
1743520159766137856
1743520159795859968
1743520159825413888
1743520159854799104
1743520159884015616
1743520159913063424
1743520159941943040
1743520159970653184
1743520159999195392
1743520160027567872
1743520160055772672
1743520160083808768
1743520160111676160
1743520160139374848
1743520160166905344
1743520160194266880
1743520160226077440
1743520160259373312
1743520160292666880
1743520160325958400
1743520160359248384
1743520160392535808
1743520160425820928
1743520160459104512
1743520160492386304
1743520160525666048
1743520160558943744
1743520160592219648
1743520160625493248
1743520160658764800
1743520160692034816
1743520160725302528
1743520160758568192
1743520160791832064
1743520160825093632
1743520160858352896
1743520160891610624
1743520160924866304
1743520160958120192
1743520160991372032
1743520161024622080
1743520161057869568
1743520161091115520
1743520161124359424
1743520161157601280
1743520161190841088
1743520161223823872
1743520161256703232
1743520161289567232
1743520161322414848
1743520161355247872
1743520161388066048
1743520161420868608
1743520161453655808
1743520161486427904
1743520161519184384
1743520161551925760
1743520161584651520
1743520161617361920
1743520161650057216
1743520161682737152
1743520161715401728
1743520161748049664
1743520161780683776
1743520161813302272
1743520161845905664
1743520161878493440
1743520161911066112
1743520161943623168
1743520161976164864
1743520162008691456
1743520162041202432
1743520162073698304
1743520162106178816
1743520162138643712
1743520162171092480
1743520162204200448
1743520162237554688
1743520162270912768
1743520162304274944
1743520162337640960
1743520162371010816
1743520162404384512
1743520162437762304
1743520162471143680
1743520162504528896
1743520162537918464
1743520162571311616
1743520162604708864
1743520162638108928
1743520162671514112
1743520162704922624
1743520162738335488
1743520162771751936
1743520162805172736
1743520162838597120
1743520162872025600
1743520162905457408
1743520162938893824
1743520162972333568
1743520163005777664
1743520163039225600
1743520163072676352
1743520163106131712
1743520163139591424
1743520163173054720
1743520163206304256
1743520163239458304
1743520163272612096
1743520163305753344
1743520163340227584
1743520163374722048
1743520163409236736
1743520163443771648
1743520163478327040
1743520163512901376
1743520163547497216
1743520163582113792
1743520163616750336
1743520163651407360
1743520163686084608
1743520163720782080
1743520163755500032
1743520163790238464
1743520163824996864
1743520163859775744
1743520163894574592
1743520163929394176
1743520163964234240
1743520163999093248
1743520164033973760
1743520164068874496
1743520164103795712
1743520164138737152
1743520164173698560
1743520164208680960
1743520164243683328
1743520164278706176
1743520164313748992
1743520164382271488
1743520164415742720
1743520164449267456
1743520164482796032
1743520164516327168
1743520164549861376
1743520164583398144
1743520164616937728
1743520164650479616
1743520164684024320
1743520164717572096
1743520164751122176
1743520164784675584
1743520164818231296
1743520164851789824
1743520164885349888
1743520164918913792
1743520164952480512
1743520164986049792
1743520165019622144
1743520165053196800
1743520165086774272
1743520165120354816
1743520165153937920
1743520165187523328
1743520165221111808
1743520165254702848
1743520165288296960
1743520165321893632
1743520165355491584
1743520165389093888
1743520165422606592
1743520165455727872
1743520165488845312
1743520165521959424
1743520165555069952
1743520165588176640
1743520165621280256
1743520165654380032
1743520165687476736
1743520165720569600
1743520165753659136
1743520165786744064
1743520165819826688
1743520165852905472
1743520165885981184
1743520165919053056
1743520165952121344
1743520165985186560
1743520166018247936
1743520166051305984
1743520166084360448
1743520166117411072
1743520166150458880
1743520166183502592
1743520166216542208
1743520166249579264
1743520166282612480
1743520166315642624
1743520166348668928
1743520166381691904
1743520166414743552
1743520166447908864
1743520166481071360
1743520166514231296
1743520166547388416
1743520166580542720
1743520166613694720
1743520166646842368
1743520166679988992
1743520166713132544
1743520166746273792
1743520166779411968
1743520166812547584
1743520166845680640
1743520166878811136
1743520166911938304
1743520166945063680
1743520166978185728
1743520167011305216
1743520167044422144
1743520167077536000
1743520167110646784
1743520167143755776
1743520167176861440
1743520167209965312
1743520167243066112
1743520167276163840
1743520167309259520
1743520167342352128
1743520167375442176
1743520167408585472
1743520167441801472
1743520167475015680
1743520167508228352
1743520167541438208
1743520167574647296
1743520167607854848
1743520167641060608
1743520167674264576
1743520167707467008
1743520167740667904
1743520167773867008
1743520167807064320
1743520167840260096
1743520167873454080
1743520167906646528
1743520167939837184
1743520167973026304
1743520168006212352
1743520168039397888
1743520168072581888
1743520168105764096
1743520168138944768
1743520168172123648
1743520168205300736
1743520168238476288
1743520168271650048
1743520168304822272
1743520168337992960
1743520168371161600
1743520168404333824
1743520168437579520
1743520168470825216
1743520168504069888
1743520168537313280
1743520168570555648
1743520168603796736
1743520168637036800
1743520168670275584
1743520168703513344
1743520168736750080
1743520168769985792
1743520168803219968
1743520168836453120
1743520168869684480
1743520168902915328
1743520168936145152
1743520168969373696
1743520169002601728
1743520169035827968
1743520169069053184
1743520169102277632
1743520169135500544
1743520169168722432
1743520169201943296
1743520169235163136
1743520169268381696
1743520169301598976
1743520169334814208
1743520169368029696
1743520169401250048
1743520169434614528
1743520169467979264
1743520169501343744
1743520169534849536
1743520169568542976
1743520169602238720
1743520169635936768
1743520169669637120
1743520169703339776
1743520169737045248
1743520169770751744
1743520169804461824
1743520169838174208
1743520169871888896
1743520169905606144
1743520169939325696
1743520169973047552
1743520170006771712
1743520170040498176
1743520170074227456
1743520170107959040
1743520170141692672
1743520170175429120
1743520170209166592
1743520170242907648
1743520170276651008
1743520170310396672
1743520170344144896
1743520170377895424
1743520170411648256
1743520170445403648
1743520170479161600
1743520170512921344
1743520170546441216
1743520170579648768
1743520170612854784
1743520170646059264
1743520170679261696
1743520170712463872
1743520170745664256
1743520170778863616
1743520170812061440
1743520170845257728
1743520170878452992
1743520170911646720
1743520170944838912
1743520170978029824
1743520171011219456
1743520171044407552
1743520171077594624
1743520171110778880
1743520171143962880
1743520171177145600
1743520171210326784
1743520171243506688
1743520171276685056
1743520171309862400
1743520171343038208
1743520171376212480
1743520171409385472
1743520171442556928
1743520171475727360
1743520171508896000
1743520171542156032
1743520171575535872
1743520171608872704
1743520171642170368
1743520171675467776
1743520171708764672
1743520171742060544
1743520171775355904
1743520171808650752
1743520171841944832
1743520171875238656
1743520171908531456
1743520171941823744
1743520171975115776
1743520172008405760
1743520172041696256
1743520172074986496
1743520172108275712
1743520172141564672
1743520172174852608
1743520172208140032
1743520172241426944
1743520172274713600
1743520172307999232
1743520172341284096
1743520172374568704
1743520172407852288
1743520172441134592
1743520172474417152
1743520172507699456
1743520172540980736
1743520172574261760
1743520172607526144
1743520172640761600
1743520172673996032
1743520172707229440
1743520172740461568
1743520172773693184
1743520172806923520
1743520172840153344
1743520172873380608
1743520172906608384
1743520172939835136
1743520172973060608
1743520173006285312
1743520173039508992
1743520173072731904
1743520173105953792
1743520173139174656
1743520173172394240
1743520173205613312
1743520173238831360
1743520173272048384
1743520173305264384
1743520173338478336
1743520173371692544
1743520173404905472
1743520173438117632
1743520173471329280
1743520173504539136
1743520173537748480
1743520173570956800
1743520173604191488
1743520173637437696
1743520173670682624
1743520173703926784
1743520173737170432
1743520173770412288
1743520173803653888
1743520173836894720
1743520173870135040
1743520173903374080
1743520173936612864
1743520173969850368
1743520174003087360
1743520174036323328
1743520174069558272
1743520174102792704
1743520174136026112
1743520174169258752
1743520174202489600
1743520174235720448
1743520174268950528
1743520174302180096
1743520174335408128
1743520174368636160
1743520174401862656
1743520174435088640
1743520174468313600
1743520174501537792
1743520174534761472
1743520174567983872
1743520174601219072
1743520174634468608
1743520174667716096
1743520174700964096
1743520174734210816
1743520174767456768
1743520174800702208
1743520174833946624
1743520174867190272
1743520174900433664
1743520174933675776
1743520174966917120
1743520175000157952
1743520175033397504
1743520175066636544
1743520175099873792
1743520175133111552
1743520175166348032
1743520175199583744
1743520175232818944
1743520175266052864
1743520175299286528
1743520175332519168
1743520175365751040
1743520175398982400
1743520175432212480
1743520175465442048
1743520175498670592
1743520175531897856
1743520175565124864
1743520175598374656
1743520175631619840
1743520175664864256
1743520175698107904
1743520175731350784
1743520175764592896
1743520175797833984
1743520175831074560
1743520175864314112
1743520175897552384
1743520175930790656
1743520175964027392
1743520175997262592
1743520176030498048
1743520176063732480
1743520176096966144
1743520176130199040
1743520176163431168
1743520176196662528
1743520176229892608
1743520176263122432
1743520176296350976
1743520176329578752
1743520176362805760
1743520176396032000
1743520176429256704
1743520176462480896
1743520176495704832
1743520176528927744
1743520176562149888
1743520176595379712
1743520176628624640
1743520176661869056
1743520176695111936
1743520176728354560
1743520176761596160
1743520176794836992
1743520176828076544
1743520176861314816
1743520176894552832
1743520176927790336
1743520176961026816
1743520176994262528
1743520177027497216
1743520177060731136
1743520177093964288
1743520177127196672
1743520177160428288
1743520177193659136
1743520177226888704
1743520177260117760
1743520177293345792
1743520177326572032
1743520177359798784
1743520177393024256
1743520177426248704
1743520177459472640
1743520177492695808
1743520177525917952
1743520177559139584
1743520177592368896
1743520177625613056
1743520177658856448
1743520177692098816
1743520177725340672
1743520177758580480
1743520177791820288
1743520177825059328
1743520177858297600
1743520177891535104
1743520177924771584
1743520177958007040
1743520177991241984
1743520178024475904
1743520178057709056
1743520178090941440
1743520178124172800
1743520178157403392
1743520178190632192
1743520178223860992
1743520178257089024
1743520178290316032
1743520178323542528
1743520178356768000
1743520178389992448
1743520178423216384
1743520178456439296
1743520178489661184
1743520178522882560
1743520178556102656
1743520178589330944
1743520178622573568
1743520178655814400
1743520178689055744
1743520178722296064
1743520178755535360
1743520178788773888
1743520178822011392
1743520178855248128
1743520178888484352
1743520178921719296
1743520178954953472
1743520178988186880
1743520179021419264
1743520179054650880
1743520179087880448
1743520179121110528
1743520179154339072
1743520179187567360
1743520179220794368
1743520179254020864
1743520179287246592
1743520179320471040
1743520179353694976
1743520179386917888
1743520179420139776
1743520179453360896
1743520179486580992
1743520179519799808
1743520179553018112
1743520179586290432
1743520179619779072
1743520179653270016
1743520179686763520
1743520179720259328
1743520179753757440
1743520179787257856
1743520179820760576
1743520179854265600
1743520179887772928
1743520179921282816
1743520179954793984
1743520179988308480
1743520180021825280
1743520180055344384
1743520180088865792
1743520180122389760
1743520180155915776
1743520180189444352
1743520180222974976
1743520180256508416
1743520180290043904
1743520180323581696
1743520180357122048
1743520180390664448
1743520180424208384
1743520180457755392
1743520180491304960
1743520180524857088
1743520180558411008
1743520180591934208
1743520180625302784
1743520180658671872
1743520180692041984
1743520180725411840
1743520180758782976
1743520180792154624
1743520180825526784
1743520180858898176
1743520180892271872
1743520180925645568
1743520180959020032
1743520180992395264
1743520181025771008
1743520181059147008
1743520181092524032
1743520181125901568
1743520181159279360
1743520181192657920
1743520181226037248
1743520181259417088
1743520181292797440
1743520181326177280
1743520181359558912
1743520181392941312
1743520181426323712
1743520181459707136
1743520181493091072
1743520181526475776
1743520181559860992
1743520181593232384
1743520181626534656
1743520181659836672
1743520181693138176
1743520181726439424
1743520181759739392
1743520181793039872
1743520181826340096
1743520181859639808
1743520181892939520
1743520181926238464
1743520181959537408
1743520181992835840
1743520182026133760
1743520182059431680
1743520182092729088
1743520182126026240
1743520182159322624
1743520182192618240
1743520182225914112
1743520182259209984
1743520182292505600
1743520182325800448
1743520182359095040
1743520182392389376
1743520182425683200
1743520182458976768
1743520182492270080
1743520182525562880
1743520182558855424
1743520182592149760
1743520182625450496
1743520182658750720
1743520182692051200
1743520182725351424
1743520182758651136
1743520182791950592
1743520182825249536
1743520182858548480
1743520182891846656
1743520182925144832
1743520182958442496
1743520182991739648
1743520183025036544
1743520183058333440
1743520183091628544
1743520183124924416
1743520183158220032
1743520183191515136
1743520183224809984
1743520183258104576
1743520183291398400
1743520183324692224
1743520183357985792
1743520183391278592
1743520183424571392
1743520183457863680
1743520183491155968
1743520183524446208
1743520183557737472
1743520183591032320
1743520183624333056
1743520183657633280
1743520183690933504
1743520183724232960
1743520183757532416
1743520183790831104
1743520183824129536
1743520183857427712
1743520183890725632
1743520183924023040
1743520183957320192
1743520183990615808
1743520184023912192
1743520184057208320
1743520184090503936
1743520184123799040
1743520184157093888
1743520184190388736
1743520184223682816
1743520184256976640
1743520184290270208
1743520184323563264
1743520184356856064
1743520184390148096
1743520184423439616
1743520184456731136
1743520184490022144
1743520184523313408
1743520184556603904
1743520184589894400
1743520184623194368
1743520184656493824
1743520184689793024
1743520184723091968
1743520184756390144
1743520184789688320
1743520184822986240
1743520184856282368
1743520184889579264
1743520184922876160
1743520184956172288
1743520184989468160
1743520185022763520
1743520185056058624
1743520185089353216
1743520185122647808
1743520185155941632
1743520185189235456
1743520185222528768
1743520185255821568
1743520185289114112
1743520185322405376
1743520185355697152
1743520185388988416
1743520185422279680
1743520185455570432
1743520185488860672
1743520185522150400
1743520185555439872
1743520185588730112
1743520185622225152
1743520185655722240
1743520185689221376
1743520185722723328
1743520185756225792
1743520185789732096
1743520185823239936
1743520185856750592
1743520185890263040
1743520185923777792
1743520185957294592
1743520185990813696
1743520186024335104
1743520186057858816
1743520186091384576
1743520186124912384
1743520186158442752
1743520186191973888
1743520186225508608
1743520186259045120
1743520186292583936
1743520186326125312
1743520186359668480
1743520186393214208
1743520186426761984
1743520186460311808
1743520186493863936
1743520186527418112
1743520186560974592
1743520186594530816
1743520186627866112
1743520186661200128
1743520186694534912
1743520186727870208
1743520186761204992
1743520186794540032
1743520186827874560
1743520186861209344
1743520186894544128
1743520186927878656
1743520186961213440
1743520186994547968
1743520187027882240
1743520187061216768
1743520187094550272
1743520187127884544
1743520187161218816
1743520187194552832
1743520187227887104
1743520187261221120
1743520187294555392
1743520187327889408
1743520187361223424
1743520187394557184
1743520187427891200
1743520187461224704
1743520187494558464
1743520187527891200
1743520187561224960
1743520187594553088
1743520187627922176
1743520187661292288
1743520187694662400
1743520187728033024
1743520187761404160
1743520187794775552
1743520187828147200
1743520187861519360
1743520187894892288
1743520187928264960
1743520187961638400
1743520187995011328
1743520188028385536
1743520188061760000
1743520188095134976
1743520188128510464
1743520188161886208
1743520188195262464
1743520188228638976
1743520188262015744
1743520188295393280
1743520188328771072
1743520188362149376
1743520188395527936
1743520188428905728
1743520188462285312
1743520188495665152
1743520188529044992
1743520188562425856
1743520188595806720
1743520188629153792
1743520188662495232
1743520188695836672
1743520188729276160
1743520188763016960
1743520188796760320
1743520188830506240
1743520188864253952
1743520188898004992
1743520188931758336
1743520188965514496
1743520188999273216
1743520189033034496
1743520189066798336
1743520189100564224
1743520189134333184
1743520189168104448
1743520189201878272
1743520189235654912
1743520189269433856
1743520189303215104
1743520189336997888
1743520189370784768
1743520189404573696
1743520189438365440
1743520189472159488
1743520189505956352
1743520189539755264
1743520189573557248
1743520189607361536
1743520189641168640
1743520189674977792
1743520189708789760
1743520189742473472
1743520189775773184
1743520189809073664
1743520189842373888
1743520189875673600
1743520189908973312
1743520189942272256
1743520189975571200
1743520190008869376
1743520190042167552
1743520190075465216
1743520190108762624
1743520190142059520
1743520190175356160
1743520190208651520
1743520190241947648
1743520190275243264
1743520190308538368
1743520190341833472
1743520190375128064
1743520190408422144
1743520190441716224
1743520190475009536
1743520190508302592
1743520190541595392
1743520190574887936
1743520190608180224
1743520190641471744
1743520190674762496
1743520190708053504
1743520190741348096
1743520190774649088
1743520190807950080
1743520190841250304
1743520190874550784
1743520190907850496
1743520190941150208
1743520190974449408
1743520191007748352
1743520191041046528
1743520191074345216
1743520191107641600
1743520191140939264
1743520191174236416
1743520191207532800
1743520191240829440
1743520191274125568
1743520191307421184
1743520191340716544
1743520191374011648
1743520191407306496
1743520191440600832
1743520191473894912
1743520191507188480
1743520191540480768
1743520191573773568
1743520191607066112
1743520191640358400
1743520191673650432
1743520191706941952
1743520191740246784
1743520191773548288
1743520191806849536
1743520191840150016
1743520191873450752
1743520191906750976
1743520191940050944
1743520191973350144
1743520192006648320
1743520192039947008
1743520192073245440
1743520192106543872
1743520192139841280
1743520192173138944
1743520192206436096
1743520192239732736
1743520192273029120
1743520192306325248
1743520192339620864
1743520192372916224
1743520192406211328
1743520192439505152
1743520192472799488
1743520192506093568
1743520192539387136
1743520192572680704
1743520192605973760
1743520192639266560
1743520192672558848
1743520192705850880
1743520192739149824
1743520192772513536
1743520192805896704
1743520192839327232
1743520192872757760
1743520192906189312
1743520192939621376
1743520192973053952
1743520193006486784
1743520193039920384
1743520193073354496
1743520193106788864
1743520193140224000
1743520193173659392
1743520193207095040
1743520193240531456
1743520193273968128
1743520193307405824
1743520193340842496
1743520193374280704
1743520193407719680
1743520193441158656
1743520193474598400
1743520193508038400
1743520193541479168
1743520193574920192
1743520193608361984
1743520193641803776
1743520193675246592
1743520193708689152
1743520193742132992
1743520193775575552
1743520193808975104
1743520193842264576
1743520193875554048
1743520193908842752
1743520193942130944
1743520193975419392
1743520194008706560
1743520194041993728
1743520194075280384
1743520194108566528
1743520194141852160
1743520194175137536
1743520194208421120
1743520194241705728
1743520194274989568
1743520194308273152
1743520194341555712
1743520194374838528
1743520194408120576
1743520194441402368
1743520194474683648
1743520194507964416
1743520194541244928
1743520194574524672
1743520194607804416
1743520194641083136
1743520194674361088
1743520194707639040
1743520194740916480
1743520194774193920
1743520194807475456
1743520194840765952
1743520194874055680
1743520194907345408
1743520194940634368
1743520194973923072
1743520195007211008
1743520195040498432
1743520195073786112
1743520195107071744
1743520195140357888
1743520195173643776
1743520195206929152
1743520195240214272
1743520195273498880
1743520195306782976
1743520195340066560
1743520195373350144
1743520195406632960
1743520195439915520
1743520195473197056
1743520195506478592
1743520195539758592
1743520195573039360
1743520195606319360
1743520195639599104
1743520195672878592
1743520195706157312
1743520195739435776
1743520195772713728
1743520195806006016
1743520195839296512
1743520195872587008
1743520195905876992
1743520195939166208
1743520195972455168
1743520196005743104
1743520196039031040
1743520196072318464
1743520196105606144
1743520196138892800
1743520196172179200
1743520196205465088
1743520196238750464
1743520196272035584
1743520196305319936
1743520196338604288
1743520196371888128
1743520196405171456
1743520196438453248
1743520196471735808
1743520196505017600
1743520196538299136
1743520196571580416
1743520196604860672
1743520196638141184
1743520196671420928
1743520196704700160
1743520196737978880
1743520196771257600
1743520196804538112
1743520196837828864
1743520196871118592
1743520196904408320
1743520196937697792
1743520196970986752
1743520197004275200
1743520197037563904
1743520197070851584
1743520197104138496
1743520197137425920
1743520197170712320
1743520197203998208
1743520197237283584
1743520197270568960
1743520197303853568
1743520197337136896
1743520197370420736
1743520197403704064
1743520197436987136
1743520197470269696
1743520197503551744
1743520197536833280
1743520197570114560
1743520197603395328
1743520197636675584
1743520197669955584
1743520197703235072
1743520197736514048
1743520197769791744
1743520197803072512
1743520197836364544
1743520197869656064
1743520197902947072
1743520197936237824
1743520197969528320
1743520198002818048
1743520198036107520
1743520198069396480
1743520198102685184
1743520198135973120
1743520198169261056
1743520198202547200
1743520198235834112
1743520198269120512
1743520198302406656
1743520198335692032
1743520198368977152
1743520198402261760
1743520198435546112
1743520198468829952
1743520198502113280
1743520198535396352
1743520198568679168
1743520198601960960
1743520198635242752
1743520198668523008
1743520198701803776
1743520198735084288
1743520198768364032
1743520198801646080
1743520198834937856
1743520198868229376
1743520198901520128
1743520198934810880
1743520198968101120
1743520199001390592
1743520199034679808
1743520199067968768
1743520199101256192
1743520199134544128
1743520199167831552
1743520199201118720
1743520199234405632
1743520199267691520
1743520199300977408
1743520199334262784
1743520199367547648
1743520199400832512
1743520199434116352
1743520199467399936
1743520199500683008
1743520199533964800
1743520199567247104
1743520199600529152
1743520199633810432
1743520199667091712
1743520199700372224
1743520199733652224
1743520199766931968
1743520199800219392
1743520199833511168
1743520199866802176
1743520199900093184
1743520199933383168
1743520199966673152
1743520199999961600
1743520200033250816
1743520200066539264
1743520200099827456
1743520200133115136
1743520200166402304
1743520200199689216
1743520200232975616
1743520200266261504
1743520200299547136
1743520200332832000
1743520200366116864
1743520200399400960
1743520200432683776
1743520200465967104
1743520200499249920
1743520200532532224
1743520200565814528
1743520200599096064
1743520200632376832
1743520200665657856
1743520200698938112
1743520200732217856
1743520200765497344
1743520200798776320
1743520200832067840
1743520200865358080
1743520200898649088
1743520200931939328
1743520200965229056
1743520200998518784
1743520201031807488
1743520201065095936
1743520201098384128
1743520201131671808
1743520201164958976
1743520201198245888
1743520201231532032
1743520201264818176
1743520201298103552
1743520201331387392
1743520201364672256
1743520201397956352
1743520201431240192
1743520201464523264
1743520201497805824
1743520201531088384
1743520201564370432
1743520201597651968
1743520201630932736
1743520201664213504
1743520201697493760
1743520201730773504
1743520201764051712
1743520201797330688
1743520201830621696
1743520201863912192
1743520201897202176
1743520201930491648
1743520201963781120
1743520201997069824
1743520202030358016
1743520202063645952
1743520202096933376
1743520202130220288
1743520202163506944
1743520202196791808
1743520202230077440
1743520202263362560
1743520202296647424
1743520202329931776
1743520202363215360
1743520202396498944
1743520202429781760
1743520202463064320
1743520202496346112
1743520202529628160
1743520202562908928
1743520202596189696
1743520202629470208
1743520202662748928
1743520202696027904
1743520202729307136
1743520202762585344
1743520202795863552
1743520202829174528
1743520202862486272
1743520202895798272
1743520202929243392
1743520202962920192
1743520202996599040
1743520203030279936
1743520203063962368
1743520203097646080
1743520203131332864
1743520203165021440
1743520203198712064
1743520203232404736
1743520203266099456
1743520203299796224
1743520203333494784
1743520203367195392
1743520203400898048
1743520203434602496
1743520203468309504
1743520203502018048
1743520203535727360
1743520203569440000
1743520203603154688
1743520203636871168
1743520203670589696
1743520203704310272
1743520203738032896
1743520203771757056
1743520203805483520
1743520203839212288
1743520203872942592
1743520203906675200
1743520203940242176
1743520203973494528
1743520204006744832
1743520204039995648
1743520204073245440
1743520204106494976
1743520204139743232
1743520204172990976
1743520204206237952
1743520204239484160
1743520204272729600
1743520204305974272
1743520204339217920
1743520204372461056
1743520204405703168
1743520204438943744
1743520204472184320
1743520204505424384
1743520204538663680
1743520204571901696
1743520204605139456
1743520204638376192
1743520204671612160
1743520204704847616
1743520204738082304
1743520204771315968
1743520204804549120
1743520204837781248
1743520204871011584
1743520204904242176
1743520204937524992
1743520204970998016
1743520205004473344
1743520205037950720
1743520205071429888
1743520205104911360
1743520205138395136
1743520205171880704
1743520205205368320
1743520205238857984
1743520205272349952
1743520205305843712
1743520205339338496
1743520205372836608
1743520205406337024
1743520205439839232
1743520205473343488
1743520205506849536
1743520205540358400
1743520205573868800
1743520205607381248
1743520205640896000
1743520205674412800
1743520205707931392
1743520205741452544
1743520205774974464
1743520205808499456
1743520205842026752
1743520205875555840
1743520205909086976
1743520205942566912
1743520205975858176
1743520206009149184
1743520206042439168
1743520206075729152
1743520206109018368
1743520206142307584
1743520206175595776
1743520206208882688
1743520206242170368
1743520206275457792
1743520206308744448
1743520206342030848
1743520206375316736
1743520206408602112
1743520206441887232
1743520206475171840
1743520206508455936
1743520206541739776
1743520206575022848
1743520206608305920
1743520206641588224
1743520206674868992
1743520206708150528
1743520206741432064
1743520206774712320
1743520206807992576
1743520206841272576
1743520206874551808
1743520206907831040
1743520206941126144
1743520206974480896
1743520207007857664
1743520207041266432
1743520207074675712
1743520207108084224
1743520207141494272
1743520207174904320
1743520207208314880
1743520207241725952
1743520207275137024
1743520207308548352
1743520207341959936
1743520207375372288
1743520207408784384
1743520207442197248
1743520207475610368
1743520207509023488
1743520207542436096
1743520207575850240
1743520207609264128
1743520207642678784
1743520207676093696
1743520207709508864
1743520207742924288
1743520207776339712
1743520207809756160
1743520207843172352
1743520207876589056
1743520207910006016
1743520207943423232
1743520207976839680
1743520208010212864
1743520208043491584
1743520208076769280
1743520208110046720
1743520208143323392
1743520208176600064
1743520208209875456
1743520208243150592
1743520208276425472
1743520208309699584
1743520208342973184
1743520208376246272
1743520208409518592
1743520208442789632
1743520208476061184
1743520208509331968
1743520208542601984
1743520208575872000
1743520208609140992
1743520208642409984
1743520208675677952
1743520208708945408
1743520208742212864
1743520208775479296
1743520208808745472
1743520208842010624
1743520208875274752
1743520208908539136
1743520208941803008
1743520208975066112
1743520209008351744
1743520209041701888
1743520209075052032
1743520209108402688
1743520209141753600
1743520209175105280
1743520209208456960
1743520209241809152
1743520209275161856
1743520209308514560
1743520209341867008
1743520209375220736
1743520209408574976
1743520209441929216
1743520209475284224
1743520209508639232
1743520209541994752
1743520209575350784
1743520209608707328
1743520209642064128
1743520209675421184
1743520209708778496
1743520209742136576
1743520209775493632
1743520209808852480
1743520209842211328
1743520209875570432
1743520209908930560
1743520209942290432
1743520209975651072
1743520210009000960
1743520210042294016
1743520210075586816
1743520210108878848
1743520210142170624
1743520210175461888
1743520210208751872
1743520210242042624
1743520210275332352
1743520210308622336
1743520210341911296
1743520210375200512
1743520210408488704
1743520210441776896
1743520210475064576
1743520210508351488
1743520210541638144
1743520210574924800
1743520210608210688
1743520210641496064
1743520210674780160
1743520210708064768
1743520210741348864
1743520210774632960
1743520210807916288
1743520210841199104
1743520210874481664
1743520210907763968
1743520210941045760
1743520210974326784
1743520211007610880
1743520211040903936
1743520211074196480
1743520211107488000
1743520211140779520
1743520211174070784
1743520211207362048
1743520211240652032
1743520211273942272
1743520211307232000
1743520211340521216
1743520211373810176
1743520211407098624
1743520211440386304
1743520211473673728
1743520211506960896
1743520211540246784
1743520211573533184
1743520211606818816
1743520211640104192
1743520211673389312
1743520211706673920
1743520211739958016
1743520211773242112
1743520211806525184
1743520211839808256
1743520211873090560
1743520211906372864
1743520211939654400
1743520211972935680
1743520212006226944
1743520212039520256
1743520212072813312
1743520212106106112
1743520212139398144
1743520212172689664
1743520212205980928
1743520212239272192
1743520212272562176
1743520212305852416
1743520212339142144
1743520212372431360
1743520212405720064
1743520212439007232
1743520212472295168
1743520212505582848
1743520212538869760
1743520212572156416
1743520212605443072
1743520212638728704
1743520212672014080
1743520212705299200
1743520212738583552
1743520212771867648
1743520212805151744
1743520212838434816
1743520212871716864
1743520212904999168
1743520212938281216
1743520212971563008
1743520213004846080
1743520213038139648
1743520213071432704
1743520213104725248
1743520213138017536
1743520213171309568
1743520213204600576
1743520213237891584
1743520213271182080
1743520213304472320
1743520213337761024
1743520213371050240
1743520213404339200
1743520213437627904
1743520213470915840
1743520213504203264
1743520213537490688
1743520213570777344
1743520213604063488
1743520213637349632
1743520213670635008
1743520213703920128
1743520213737204736
1743520213770488064
1743520213803771904
1743520213837055232
1743520213870338560
1743520213903620864
1743520213936902912
1743520213970184704
1743520214003471360
1743520214036803072
1743520214070134528
1743520214103465984
1743520214136947712
1743520214170583296
1743520214204220160
1743520214237859584
1743520214271500544
1743520214305143296
1743520214338787840
1743520214372434176
1743520214406082304
1743520214439731968
1743520214473383424
1743520214507036672
1743520214540691712
1743520214574348544
1743520214608006912
1743520214641667072
1743520214675328000
1743520214708991488
1743520214742656768
1743520214776323840
1743520214809992704
1743520214843663360
1743520214877335552
1743520214911009536
1743520214944685312
1743520214978362880
1743520215012041984
1743520215045722880
1743520215079405568
1743520215113089024
1743520215146573824
1743520215179832576
1743520215213091328
1743520215246348800
1743520215279606016
1743520215312862208
1743520215346117632
1743520215379372544
1743520215412626688
1743520215445880064
1743520215479132928
1743520215512384768
1743520215545635072
1743520215578885888
1743520215612135680
1743520215645384704
1743520215678633472
1743520215711881216
1743520215745128192
1743520215778374400
1743520215811620352
1743520215844865024
1743520215878109184
1743520215911352832
1743520215944595456
1743520215977837824
1743520216011078144
1743520216044318976
1743520216077558784
1743520216110798080
1743520216144047616
1743520216177307392
1743520216210566400
1743520216243824384
1743520216277081856
1743520216310339072
1743520216343595008
1743520216376850688
1743520216410105344
1743520216443358208
1743520216476611584
1743520216509864192
1743520216543116032
1743520216576367104
1743520216609617664
1743520216642867456
1743520216676116480
1743520216709365248
1743520216742612480
1743520216775859456
1743520216809105664
1743520216842351360
1743520216875595008
1743520216908839168
1743520216942082560
1743520216975325696
1743520217008567296
1743520217041808640
1743520217075049472
1743520217108289024
1743520217141562112
1743520217174898688
1743520217208228352
1743520217241551872
1743520217274874880
1743520217308197888
1743520217341519616
1743520217374842112
1743520217408164096
1743520217441485568
1743520217474807296
1743520217508128256
1743520217541448960
1743520217574769408
1743520217608089856
1743520217641409536
1743520217674729472
1743520217708048640
1743520217741367808
1743520217774685440
1743520217808003584
1743520217841321728
1743520217874639872
1743520217907956992
1743520217941274112
1743520217974590976
1743520218007907840
1743520218041223936
1743520218074540032
1743520218107855872
1743520218141170944
1743520218174486272
1743520218207767552
1743520218241020160
1743520218274272256
1743520218307523840
1743520218340774656
1743520218374024192
1743520218407273472
1743520218440521728
1743520218473769472
1743520218507016192
1743520218540262144
1743520218573507328
1743520218606752000
1743520218639995648
1743520218673237760
1743520218706480128
1743520218739721472
1743520218772962048
1743520218806201856
1743520218839441408
1743520218872679424
1743520218905917184
1743520218939154176
1743520218972390144
1743520219005625600
1743520219038860032
1743520219072093952
1743520219105325824
1743520219138558464
1743520219171789824
1743520219205146624
1743520219238612736
1743520219272080896
1743520219305550848
1743520219339022848
1743520219372497152
1743520219405973248
1743520219439451136
1743520219472931328
1743520219506413568
1743520219539896320
1743520219573382400
1743520219606870272
1743520219640360192
1743520219673852160
1743520219707345920
1743520219740841984
1743520219774339584
1743520219807839488
1743520219841341184
1743520219874844928
1743520219908350976
1743520219941858816
1743520219975368192
1743520220008878848
1743520220042392832
1743520220075908096
1743520220109425664
1743520220142945536
1743520220176467200
1743520220209873664
1743520220243164416
1743520220276454656
1743520220309744384
1743520220343033856
1743520220376322816
1743520220409611264
1743520220442898176
1743520220476185856
1743520220509472768
1743520220542759936
1743520220576046080
1743520220609331968
1743520220642617344
1743520220675902464
1743520220709186816
1743520220742470912
1743520220775754752
1743520220809037824
1743520220842320640
1743520220875601920
1743520220908883712
1743520220942165248
1743520220975446272
1743520221008727040
1743520221042007296
1743520221075286784
1743520221108566272
1743520221141844992
1743520221175123456
1743520221208407296
1743520221241698560
1743520221274989312
1743520221308279808
1743520221341568768
1743520221374858240
1743520221408147456
1743520221441435904
1743520221474723840
1743520221508011776
1743520221541299200
1743520221574585856
1743520221607872256
1743520221641158400
1743520221674444032
1743520221707729152
1743520221741013760
1743520221774297088
1743520221807580672
1743520221840864000
1743520221874146816
1743520221907429376
1743520221940711680
1743520221973993216
1743520222007274496
1743520222040555264
1743520222073835264
1743520222107115520
1743520222140395264
1743520222173673984
1743520222206957824
1743520222240249088
1743520222273539840
1743520222306830080
1743520222340119808
1743520222373409280
1743520222406698240
1743520222439986944
1743520222473274880
1743520222506562560
1743520222539849984
1743520222573136896
1743520222606423040
1743520222639708928
1743520222672993536
1743520222706278400
1743520222739563008
1743520222772847104
1743520222806130944
1743520222839414272
1743520222872697088
1743520222905979648
1743520222939261440
1743520222972542976
1743520223005824256
1743520223039104768
1743520223072385024
1743520223105663744
1743520223138943232
1743520223172222208
1743520223205529344
1743520223238884096
1743520223272239616
1743520223305595648
1743520223338952192
1743520223372308992
1743520223405665792
1743520223439023616
1743520223472381184
1743520223505739520
1743520223539097344
1743520223572456448
1743520223605815552
1743520223639175680
1743520223672535808
1743520223705896704
1743520223739257600
1743520223772619264
1743520223805980928
1743520223839343360
1743520223872706048
1743520223906068736
1743520223939432448
1743520223972796160
1743520224006159616
1743520224039524352
1743520224072889088
1743520224106254592
1743520224139620352
1743520224172986624
1743520224206334208
1743520224239636224
1743520224272938240
1743520224306239744
1743520224339540992
1743520224372841728
1743520224406142464
1743520224439441664
1743520224472741632
1743520224506041088
1743520224539340032
1743520224572638976
1743520224605937408
1743520224639235840
1743520224672533248
1743520224705830912
1743520224739127552
1743520224772424704
1743520224805721088
1743520224839017216
1743520224872311808
1743520224905606912
1743520224938902016
1743520224972196864
1743520225005490944
1743520225038785280
1743520225072078592
1743520225105372160
1743520225138664704
1743520225171957504
1743520225205252352
1743520225238554880
1743520225271856896
1743520225305158656
1743520225338459136
1743520225371760384
1743520225405060864
1743520225438361344
1743520225471661312
1743520225504961024
1743520225538260224
1743520225571559424
1743520225604857856
1743520225638156288
1743520225671454208
1743520225704751616
1743520225738049024
1743520225771344896
1743520225804641792
1743520225837937920
1743520225871234048
1743520225904529408
1743520225937824512
1743520225971119360
1743520226004414208
1743520226037708288
1743520226071002112
1743520226104295680
1743520226137588736
1743520226170881536
1743520226204176896
1743520226237479168
1743520226270781184
1743520226304083200
1743520226337384192
1743520226370685440
1743520226403986176
1743520226437286400
1743520226470586368
1743520226503886080
1743520226537185536
1743520226570484224
1743520226603782656
1743520226637081088
1743520226670377984
1743520226703675392
1743520226736972800
1743520226770269696
1743520226803566336
1743520226836862208
1743520226870158080
1743520226903453696
1743520226936748800
1743520226970043648
1743520227003337984
1743520227036632320
1743520227069926144
1743520227103218432
1743520227136511744
1743520227169804544
1743520227203100672
1743520227236402432
1743520227269704192
1743520227303005696
1743520227336306432
1743520227369607168
1743520227402907392
1743520227436207360
1743520227469507072
1743520227502806272
1743520227536103936
1743520227569402368
1743520227602700800
1743520227635998464
1743520227669296128
1743520227702593024
1743520227735889920
1743520227769186304
1743520227802482432
1743520227835778048
1743520227869073664
1743520227902368512
1743520227935663104
1743520227968956416
1743520228002250496
1743520228035544064
1743520228068837376
1743520228102130432
1743520228135423232
1743520228168715520
1743520228202008064
1743520228235309824
1743520228268611072
1743520228301912064
1743520228335212800
1743520228368512768
1743520228401812736
1743520228435111168
1743520228468410368
1743520228501709312
1743520228535008000
1743520228568305920
1743520228601603840
1743520228634900992
1743520228668198400
1743520228701495040
1743520228734791168
1743520228768087040
1743520228801382656
1743520228834678272
1743520228867972096
1743520228901266688
1743520228934561024
1743520228967855104
1743520229001148416
1743520229034441728
1743520229067734528
1743520229101026816
1743520229134319104
1743520229167610880
1743520229200903168
1743520229234204160
1743520229267504896
1743520229300805376
1743520229334104320
1743520229367403776
1743520229400703232
1743520229434002176
1743520229467300864
1743520229500598784
1743520229533896704
1743520229567194368
1743520229600491520
1743520229633788416
1743520229667084800
1743520229700380672
1743520229733676544
1743520229766970624
1743520229800265728
1743520229833560320
1743520229866854656
1743520229900148736
1743520229933442048
1743520229966735360
1743520230000028160
1743520230033320704
1743520230066612736
1743520230099904512
1743520230133195776
1743520230166486784
1743520230199771392
1743520230233261824
1743520230266754048
1743520230300248832
1743520230333745408
1743520230367244288
1743520230400745216
1743520230434247936
1743520230467753472
1743520230501260800
1743520230534769920
1743520230568281856
1743520230601795328
1743520230635311360
1743520230668828160
1743520230702348544
1743520230735870720
1743520230769395200
1743520230802921472
1743520230836450304
1743520230869980928
1743520230903513856
1743520230937048832
1743520230970586368
1743520231004125696
1743520231037666816
1743520231071210496
1743520231104755200
1743520231138302976
1743520231171852800
1743520231205410304
1743520231238745856
1743520231272081408
1743520231305416704
1743520231338752256
1743520231372087552
1743520231405422848
1743520231438758144
1743520231472093440
1743520231505428224
1743520231538762496
1743520231572097536
1743520231605432576
1743520231638767360
1743520231672102144
1743520231705436928
1743520231738771712
1743520231772106496
1743520231805441024
1743520231838775808
1743520231872110336
1743520231905444864
1743520231938779392
1743520231972113920
1743520232005447168
1743520232038781440
1743520232072115712
1743520232105449728
1743520232138784000
1743520232172118016
1743520232205452032
1743520232238787328
1743520232272122880
1743520232305458176
1743520232338793472
1743520232372128768
1743520232405463808
1743520232438797824
1743520232472132864
1743520232505467904
1743520232538802944
1743520232572137728
1743520232605472768
1743520232638807296
1743520232672142080
1743520232705476864
1743520232738811136
1743520232772145920
1743520232805480448
1743520232838814976
1743520232872148480
1743520232905482752
1743520232938817024
1743520232972151040
1743520233005485312
1743520233038819584
1743520233072153600
1743520233105487872
1743520233138821888
1743520233172155648
1743520233205489664
1743520233238824960
1743520233272160000
1743520233305495552
1743520233338944256
1743520233372703744
1743520233406466816
1743520233440232448
1743520233474000640
1743520233507772160
1743520233541546496
1743520233575323904
1743520233609103616
1743520233642886656
1743520233676672512
1743520233710461184
1743520233744252672
1743520233778046208
1743520233811843584
1743520233845643520
1743520233879446528
1743520233913252864
1743520233947061248
1743520233980873216
1743520234014687744
1743520234048505088
1743520234082325504
1743520234116148736
1743520234149974784
1743520234183803904
1743520234217634560
1743520234251469312
1743520234285306880
1743520234319147264
1743520234352860160
1743520234386238464
1743520234419623168
1743520234453014016
1743520234486405120
1743520234519796224
1743520234553187840
1743520234586579200
1743520234619971584
1743520234653363456
1743520234686754816
1743520234720147712
1743520234753540352
1743520234786933504
1743520234820326912
1743520234853720064
1743520234887113728
1743520234920507904
1743520234953902080
1743520234987296256
1743520235020690944
1743520235054085632
1743520235087480832
1743520235120875008
1743520235154270720
1743520235187666176
1743520235221062144
1743520235254458368
1743520235287854592
1743520235321251328
1743520235354648064
1743520235388045568
1743520235421403904
1743520235454696704
1743520235487988992
1743520235521281024
1743520235554571520
1743520235587862528
1743520235621153280
1743520235654443776
1743520235687733760
1743520235721022976
1743520235754311936
1743520235787600640
1743520235820889088
1743520235854176768
1743520235887463936
1743520235920751360
1743520235954038016
1743520235987323904
1743520236020608768
1743520236053894144
1743520236087179008
1743520236120463360
1743520236153747200
1743520236187031040
1743520236220314368
1743520236253597184
1743520236286879744
1743520236320161536
1743520236353443072
1743520236386724352
1743520236420011008
1743520236453304064
1743520236486597632
1743520236519890432
1743520236553183232
1743520236586475520
1743520236619767552
1743520236653059072
1743520236686350080
1743520236719641088
1743520236752931072
1743520236786221056
1743520236819510528
1743520236852799744
1743520236886087168
1743520236919375360
1743520236952663296
1743520236985950720
1743520237019237632
1743520237052524544
1743520237085810688
1743520237119096320
1743520237152381696
1743520237185666816
1743520237218951168
1743520237252235520
1743520237285519104
1743520237318802688
1743520237352084480
1743520237385367040
1743520237418654464
1743520237451948800
1743520237485242368
1743520237518535936
1743520237551828736
1743520237585121536
1743520237618413824
1743520237651705600
1743520237684997120
1743520237718288128
1743520237751578624
1743520237784868096
1743520237818157568
1743520237851447040
1743520237884736000
1743520237918024704
1743520237951312896
1743520237984600320
1743520238017888000
1743520238051174912
1743520238084461568
1743520238117747456
1743520238151033088
1743520238184318464
1743520238217602560
1743520238250886912
1743520238284171008
1743520238317454848
1743520238350738176
1743520238384020992
1743520238417308928
1743520238450603520
1743520238483897856
1743520238517192192
1743520238550485760
1743520238583779072
1743520238617071872
1743520238650364416
1743520238683655168
1743520238716946944
1743520238750238208
1743520238783528960
1743520238816819456
1743520238850109440
1743520238883398912
1743520238916688128
1743520238949977088
1743520238983265280
1743520239016553472
1743520239049841152
1743520239083128576
1743520239116413952
1743520239149700352
1743520239182986496
1743520239216272384
1743520239249557504
1743520239282842112
1743520239316126464
1743520239349410816
1743520239382694144
1743520239415991808
1743520239449287424
1743520239482582528
1743520239515877376
1743520239549170688
1743520239582465024
1743520239615758336
1743520239649051648
1743520239682344192
1743520239715636736
1743520239748928768
1743520239782220544
1743520239815511552
1743520239848802560
1743520239882092800
1743520239915382784
1743520239948672256
1743520239981961728
1743520240015249408
1743520240048537856
1743520240081826048
1743520240115113472
1743520240148400896
1743520240181687808
1743520240214974208
1743520240248260352
1743520240281545984
1743520240314831104
1743520240348115968
1743520240381400320
1743520240414687744
1743520240447982592
1743520240481278208
1743520240514573312
1743520240547868160
1743520240581162496
1743520240614456576
1743520240647750144
1743520240681043200
1743520240714336256
1743520240747628544
1743520240780920576
1743520240814212096
1743520240847503360
1743520240880793344
1743520240914083840
1743520240947373824
1743520240980663296
1743520241013952768
1743520241047241472
1743520241080530176
1743520241113818112
1743520241147105792
1743520241180393216
1743520241213680128
1743520241246966528
1743520241280252416
1743520241313538304
1743520241346822400
1743520241380107520
1743520241413395200
1743520241446691328
1743520241479987200
1743520241513282816
1743520241546577664
1743520241579872256
1743520241613166848
1743520241646460672
1743520241679754240
1743520241713047552
1743520241746340096
1743520241779631360
1743520241812923392
1743520241846214656
1743520241879505920
1743520241912796672
1743520241946087168
1743520241979377152
1743520242012666368
1743520242045955840
1743520242079244544
1743520242112532992
1743520242145821184
1743520242179108608
1743520242212394752
1743520242245681664
1743520242278968064
1743520242312254208
1743520242345539584
1743520242378824960
1743520242412113152
1743520242445411584
1743520242478710016
1743520242512007936
1743520242545305600
1743520242578602496
1743520242611899392
1743520242645195776
1743520242678491136
1743520242711786752
1743520242745081856
1743520242778376704
1743520242811671296
1743520242844965376
1743520242878259200
1743520242911552512
1743520242944845312
1743520242978137856
1743520243011430144
1743520243044722432
1743520243078013696
1743520243111303680
1743520243144594176
1743520243177884928
1743520243211174400
1743520243244464128
1743520243277753344
1743520243311042304
1743520243344330496
1743520243377618688
1743520243410914304
1743520243444211200
1743520243477507584
1743520243510803712
1743520243544098560
1743520243577393920
1743520243610689024
1743520243643983616
1743520243677277696
1743520243710571520
1743520243743865088
1743520243777158144
1743520243810450688
1743520243843742720
1743520243877034752
1743520243910326272
1743520243943617024
1743520243976907776
1743520244010197248
1743520244043486976
1743520244076776448
1743520244110065408
1743520244143354112
1743520244176642560
1743520244209930496
1743520244243217920
1743520244276505344
1743520244309791744
1743520244343078144
1743520244376364032
1743520244409650432
1743520244442945024
1743520244476240384
1743520244509535488
1743520244542829824
1743520244576123648
1743520244609417472
1743520244642711040
1743520244676003584
1743520244709296128
1743520244742588160
1743520244775879936
1743520244809171200
1743520244842461952
1743520244875751424
1743520244909041664
1743520244942331136
1743520244975620608
1743520245008909312
1743520245042197760
1743520245075485952
1743520245108773376
1743520245142060544
1743520245175347456
1743520245208633856
1743520245241920000
1743520245275205632
1743520245308490752
1743520245341774592
1743520245375059200
1743520245408343808
1743520245441640448
1743520245474936576
1743520245508232192
1743520245541527552
1743520245574822656
1743520245608117248
1743520245641411328
1743520245674705152
1743520245707998208
1743520245741291264
1743520245774583040
1743520245807874816
1743520245841166848
1743520245874458368
1743520245907749376
1743520245941039872
1743520245974329856
1743520246007619584
1743520246040909312
1743520246074198016
1743520246107486720
1743520246140774656
1743520246174062592
1743520246207348736
1743520246240636160
1743520246273922560
1743520246307208704
1743520246340494336
1743520246373779712
1743520246407068672
1743520246440363520
1743520246473658624
1743520246506952704
1743520246540246784
1743520246573540096
1743520246606832896
1743520246640125696
1743520246673417216
1743520246706708992
1743520246740000256
1743520246773291264
1743520246806582016
1743520246839872000
1743520246873161728
1743520246906451200
1743520246939740160
1743520246973028864
1743520247006316800
1743520247039604480
1743520247072891904
1743520247106177792
1743520247139464448
1743520247172750592
1743520247206035968
1743520247239321344
1743520247272606208
1743520247305890560
1743520247339174400
1743520247372458240
1743520247405740288
1743520247439034624
1743520247472328704
1743520247505622272
1743520247538914560
1743520247572207104
1743520247605499648
1743520247638791680
1743520247672083456
1743520247705374208
1743520247738665216
1743520247771955200
1743520247805245440
1743520247838534656
1743520247871823872
1743520247905112320
1743520247938400768
1743520247971688448
1743520248004974848
1743520248038261760
1743520248071548416
1743520248104834560
1743520248138120192
1743520248171405312
1743520248204690176
1743520248237974528
1743520248271258880
1743520248304542208
1743520248337825536
1743520248371108352
1743520248404389376
1743520248437682432
1743520248470976000
1743520248504269312
1743520248537562112
1743520248570854400
1743520248604146176
1743520248637437952
1743520248670728960
1743520248704019456
1743520248737309952
1743520248770599680
1743520248803889152
1743520248837178112
1743520248870465536
1743520248903753984
1743520248937041408
1743520248970328832
1743520249003615744
1743520249036902144
1743520249070188032
1743520249103473664
1743520249136758784
1743520249170043648
1743520249203328000
1743520249236611840
1743520249269895424
1743520249303178240
1743520249336460032
1743520249369742080
1743520249403023872
1743520249436532480
1743520249470043392
1743520249503556608
1743520249537072640
1743520249570590464
1743520249604111104
1743520249637634048
1743520249671159296
1743520249704687104
1743520249738217216
1743520249771748608
1743520249805283584
1743520249838820608
1743520249872360448
1743520249905902336
1743520249939447040
1743520249972993536
1743520250006542848
1743520250040094720
1743520250073648640
1743520250107205120
1743520250140763904
1743520250174325248
1743520250207887616
1743520250241453824
1743520250275022336
1743520250308593152
1743520250342166272
1743520250375741696
1743520250409317376
1743520250442684672
1743520250476065792
1743520250509447680
1743520250542829824
1743520250576212736
1743520250609596160
1743520250642979328
1743520250676363776
1743520250709748736
1743520250743134464
1743520250776520448
1743520250809907456
1743520250843294720
1743520250876682752
1743520250910071040
1743520250943460096
1743520250976849664
1743520251010239744
1743520251043630336
1743520251077021952
1743520251110412544
1743520251143804928
1743520251177197568
1743520251210591232
1743520251243985408
1743520251277380096
1743520251310775040
1743520251344170752
1743520251377566720
1743520251410963968
1743520251444320768
1743520251477662208
1743520251511003648
1743520251544392448
1743520251578160384
1743520251611930880
1743520251645703936
1743520251679480320
1743520251713258752
1743520251747040256
1743520251780824320
1743520251814611456
1743520251848400896
1743520251882193152
1743520251915987968
1743520251949785856
1743520251983586304
1743520252017388032
1743520252051194112
1743520252085002752
1743520252118813952
1743520252152627968
1743520252186444544
1743520252220263936
1743520252254086144
1743520252287910656
1743520252321738240
1743520252355568384
1743520252389401344
1743520252423237120
1743520252457074176
1743520252490915328
1743520252524759040
1743520252558539264
1743520252591839488
1743520252625139968
1743520252658439680
1743520252691739392
1743520252725038336
1743520252758337280
1743520252791635456
1743520252824933632
1743520252858231296
1743520252891527680
1743520252924824576
1743520252958120960
1743520252991417344
1743520253024713472
1743520253058008832
1743520253091303936
1743520253124599040
1743520253157893376
1743520253191187712
1743520253224481280
1743520253257774592
1743520253291067648
1743520253324360448
1743520253357651712
1743520253390943488
1743520253424235264
1743520253457526528
1743520253490817280
1743520253524108032
1743520253557408768
1743520253590785536
1743520253624175616
1743520253657611008
1743520253691046400
1743520253724482816
1743520253757919232
1743520253791355392
1743520253824793088
1743520253858231296
1743520253891669760
1743520253925108992
1743520253958548224
1743520253991988736
1743520254025429248
1743520254058870016
1743520254092311808
1743520254125753856
1743520254159196672
1743520254192639232
1743520254226082048
1743520254259526144
1743520254292970752
1743520254326415872
1743520254359861248
1743520254393307136
1743520254426753792
1743520254460200704
1743520254493648384
1743520254527096320
1743520254560544768
1743520254593993728
1743520254627411712
1743520254660695296
1743520254693977344
1743520254727259904
1743520254760541696
1743520254793823232
1743520254827104256
1743520254860384768
1743520254893665024
1743520254926944768
1743520254960223488
1743520254993501952
1743520255026780160
1743520255060057600
1743520255093334784
1743520255126610176
1743520255159886592
1743520255193161984
1743520255226437120
1743520255259711744
1743520255292985600
1743520255326259456
1743520255359532288
1743520255392804864
1743520255426076928
1743520255459348736
1743520255492619776
1743520255525890304
1743520255559159552
1743520255592428800
1743520255625703424
1743520255658988032
1743520255692272384
1743520255725556480
1743520255758839552
1743520255792122624
1743520255825405184
1743520255858686720
1743520255891968256
1743520255925249280
1743520255958529536
1743520255991809536
1743520256025088000
1743520256058366976
1743520256091645440
1743520256124923648
1743520256158201344
1743520256191478016
1743520256224754688
1743520256258030848
1743520256291306240
1743520256324581376
1743520256357856000
1743520256391130112
1743520256424403968
1743520256457676032
1743520256490948352
1743520256524220672
1743520256557492480
1743520256590763520
1743520256624036608
1743520256657322752
1743520256690607872
1743520256723892736
1743520256757177088
1743520256790461184
1743520256823744512
1743520256857027328
1743520256890308864
1743520256923590656
1743520256956872192
1743520256990153216
1743520257023433984
1743520257056713728
1743520257089993472
1743520257123272448
1743520257156551168
1743520257189829120
1743520257223106816
1743520257256384256
1743520257289660672
1743520257322937088
1743520257356211712
1743520257389486848
1743520257422761728
1743520257456035840
1743520257489309696
1743520257522583040
1743520257555855872
1743520257589128448
1743520257622411520
1743520257655695616
1743520257688979456
1743520257722262528
1743520257755545344
1743520257788826624
1743520257822108672
1743520257855389952
1743520257888670720
1743520257921950976
1743520257955230976
1743520257988510464
1743520258021789184
1743520258055067392
1743520258088345600
1743520258121622784
1743520258154899712
1743520258188176128
1743520258221451008
1743520258254726656
1743520258288001536
1743520258321275904
1743520258354549760
1743520258387823360
1743520258421096448
1743520258454368512
1743520258487640832
1743520258520912384
1743520258554183424
1743520258587453952
1743520258620728832
1743520258654017280
1743520258687303936
1743520258720591360
1743520258753878016
1743520258787164928
1743520258820450816
1743520258853736448
1743520258887021568
1743520258920306176
1743520258953590272
1743520258986874368
1743520259020157696
1743520259053440512
1743520259086722560
1743520259120003584
1743520259153285376
1743520259186566144
1743520259219846656
1743520259253127168
1743520259286406400
1743520259319685888
1743520259352964608
1743520259386242816
1743520259419520768
1743520259452798208
1743520259486074880
1743520259519351552
1743520259552626688
1743520259585902336
1743520259619180800
1743520259652468992
1743520259685756672
1743520259719043840
1743520259752330496
1743520259785616896
1743520259818903040
1743520259852188416
1743520259885473280
1743520259918757632
1743520259952041728
1743520259985325056
1743520260018607104
1743520260051889664
1743520260085171968
1743520260118453760
1743520260151734784
1743520260185015552
1743520260218296064
1743520260251575808
1743520260284855040
1743520260318134016
1743520260351412224
1743520260384690432
1743520260417967872
1743520260451243776
1743520260484520448
1743520260517796864
1743520260551072256
1743520260584347648
1743520260617622272
1743520260650960640
1743520260684301824
1743520260717642752
1743520260751092992
1743520260784742400
1743520260818393600
1743520260852046848
1743520260885700352
1743520260919357184
1743520260953015296
1743520260986675712
1743520261020337920
1743520261054001920
1743520261087667200
1743520261121334784
1743520261155003904
1743520261188675072
1743520261222348032
1743520261256022528
1743520261289699072
1743520261323377152
1743520261357056256
1743520261390737920
1743520261424422144
1743520261458107136
1743520261491794688
1743520261525483520
1743520261559174400
1743520261592867072
1743520261626561536
1743520261660257792
1743520261693955840
1743520261727655936
1743520261761181184
1743520261794432000
1743520261827683072
1743520261860933120
1743520261894182400
1743520261927430912
1743520261960679168
1743520261993926144
1743520262027172352
1743520262060417536
1743520262093662720
1743520262126906624
1743520262160150016
1743520262193392384
1743520262226632960
1743520262259874048
1743520262293114112
1743520262326353664
1743520262359592448
1743520262392830208
1743520262426067200
1743520262459303680
1743520262492539136
1743520262525774080
1743520262559008000
1743520262592241408
1743520262625474048
1743520262658705664
1743520262691935488
1743520262725165824
1743520262758421504
1743520262791673600
1743520262824924928
1743520262858175232
1743520262891425024
1743520262924674048
1743520262957922560
1743520262991170048
1743520263024416512
1743520263057662720
1743520263090907904
1743520263124151296
1743520263157394944
1743520263190637824
1743520263223879680
1743520263257121024
1743520263290361600
1743520263323601152
1743520263356840448
1743520263390078464
1743520263423316224
1743520263456552960
1743520263489788672
1743520263523023872
1743520263556257536
1743520263589491200
1743520263622723840
1743520263655955968
1743520263689187584
1743520263722418176
1743520263755654912
1743520263788908288
1743520263822160640
1743520263855412224
1743520263888663040
1743520263921913344
1743520263955162624
1743520263988411392
1743520264021658112
1743520264054905344
1743520264088151808
1743520264121396992
1743520264154641920
1743520264187886080
1743520264221129216
1743520264254371584
1743520264287613440
1743520264320854272
1743520264354094592
1743520264387334144
1743520264420572672
1743520264453809408
1743520264487046656
1743520264520283136
1743520264553518848
1743520264586753536
1743520264619987456
1743520264653220864
1743520264686453504
1743520264719685376
1743520264752929024
1743520264786182912
1743520264819436288
1743520264852688896
1743520264885939456
1743520264919190272
1743520264952440576
1743520264985689600
1743520265018938624
1743520265052186368
1743520265085433600
1743520265118679808
1743520265151925248
1743520265185170176
1743520265218414336
1743520265251657472
1743520265284900096
1743520265318141952
1743520265351381760
1743520265384622080
1743520265417861632
1743520265451100416
1743520265484338432
1743520265517575424
1743520265550811904
1743520265584047616
1743520265617282304
1743520265650516736
1743520265683750144
1743520265716982528
1743520265750219520
1743520265783470848
1743520265816722944
1743520265849974016
1743520265883224064
1743520265916473344
1743520265949722368
1743520265982970112
1743520266016217088
1743520266049463552
1743520266082708992
1743520266115953664
1743520266149197824
1743520266182440960
1743520266215682560
1743520266248923904
1743520266282164992
1743520266315405056
1743520266348644608
1743520266381883136
1743520266415120896
1743520266448358144
1743520266481594112
1743520266514829568
1743520266548064256
1743520266581298176
1743520266614531328
1743520266647762688
1743520266680994304
1743520266714225152
1743520266747471104
1743520266780722944
1743520266813974016
1743520266847224832
1743520266880474368
1743520266913723392
1743520266946971392
1743520266980218880
1743520267013465344
1743520267046711296
1743520267079955968
1743520267113199360
1743520267146443008
1743520267179685376
1743520267212927232
1743520267246168064
1743520267279408384
1743520267312647936
1743520267345886720
1743520267379124992
1743520267412361984
1743520267445598208
1743520267478833664
1743520267512068608
1743520267545301504
1743520267578534656
1743520267611767040
1743520267644998656
1743520267678229504
1743520267711459328
1743520267744708864
1743520267778193408
1743520267811680256
1743520267845169408
1743520267878660352
1743520267912154112
1743520267945649920
1743520267979148032
1743520268012647168
1743520268046149888
1743520268079654912
1743520268113161728
1743520268146671360
1743520268180182784
1743520268213696512
1743520268247212544
1743520268280730880
1743520268314251776
1743520268347774464
1743520268381299456
1743520268414826752
1743520268448355328
1743520268481887488
1743520268515421696
1743520268548957952
1743520268582496768
1743520268616037376
1743520268649580800
1743520268683126016
1743520268716673536
1743520268750204416
1743520268783536896
1743520268816897280
1743520268850332672
1743520268883767296
1743520268917203456
1743520268950640128
1743520268984077312
1743520269017514752
1743520269050952960
1743520269084391424
1743520269117830400
1743520269151270144
1743520269184710144
1743520269218150400
1743520269251591424
1743520269285032960
1743520269318475008
1743520269351916288
1743520269385359104
1743520269418802688
1743520269452246784
1743520269485691136
1743520269519135744
1743520269552581120
1743520269586027264
1743520269619473408
1743520269652920320
1743520269686367488
1743520269719815168
1743520269753263360
1743520269786711296
1743520269820133120
1743520269853487616
1743520269886842368
1743520269920197376
1743520269953553152
1743520269986909184
1743520270020265728
1743520270053622784
1743520270086980352
1743520270120337920
1743520270153696256
1743520270187054848
1743520270220413184
1743520270253772800
1743520270287132416
1743520270320493312
1743520270353853952
1743520270387215360
1743520270420577280
1743520270453939200
1743520270487301888
1743520270520664832
1743520270554028288
1743520270587392256
1743520270620756736
1743520270654121472
1743520270687485696
1743520270720851456
1743520270754217472
1743520270787584000
1743520270820938496
1743520270854230528
1743520270887522304
1743520270920813568
1743520270954104064
1743520270987394560
1743520271020684800
1743520271053974272
1743520271087263232
1743520271120550912
1743520271153839104
1743520271187126528
1743520271220414208
1743520271253701120
1743520271286987520
1743520271320273664
1743520271353559296
1743520271386844672
1743520271420129536
1743520271453413888
1743520271486697728
1743520271519981056
1743520271553263104
1743520271586545920
1743520271619828224
1743520271653110016
1743520271686391296
1743520271719672320
1743520271752952832
1743520271786232832
1743520271819514880
1743520271852808448
1743520271886100992
1743520271919393536
1743520271952685824
1743520271985977344
1743520272019267584
1743520272052558336
1743520272085848576
1743520272119138816
1743520272152428032
1743520272185717248
1743520272219005696
1743520272252294400
1743520272285582080
1743520272318869248
1743520272352156672
1743520272385443328
1743520272418729216
1743520272452014080
1743520272485299456
1743520272518584064
1743520272551868672
1743520272585152512
1743520272618436352
1743520272651719680
1743520272685002240
1743520272718284544
1743520272751566592
1743520272784848128
1743520272818131456
1743520272851425280
1743520272884717056
1743520272918009856
1743520272951302400
1743520272984594176
1743520273017885440
1743520273051176448
1743520273084467456
1743520273117757440
1743520273151047424
1743520273184336640
1743520273217625856
1743520273250914304
1743520273284202240
1743520273317490176
1743520273350776320
1743520273384063232
1743520273417349632
1743520273450635776
1743520273483921408
1743520273517206784
1743520273550491392
1743520273583775744
1743520273617059584
1743520273650342912
1743520273683626240
1743520273716908800
1743520273750191104
1743520273783472128
1743520273816756480
1743520273850048512
1743520273883340288
1743520273916631552
1743520273949922048
1743520273983212800
1743520274016502272
1743520274049792000
1743520274083080960
1743520274116369664
1743520274149657600
1743520274182945280
1743520274216231936
1743520274249518592
1743520274282804992
1743520274316090880
1743520274349376256
1743520274382661376
1743520274415945984
1743520274449230080
1743520274482513920
1743520274515797504
1743520274549080064
1743520274582362624
1743520274615644416
1743520274648925952
1743520274682206464
1743520274715486720
1743520274748767232
1743520274782046720
1743520274815329792
1743520274848650752
1743520274881971456
1743520274915292160
1743520274948731648
1743520274982381312
1743520275016032768
1743520275049686016
1743520275083341056
1743520275116997120
1743520275150655744
1743520275184316160
1743520275217978624
1743520275251642880
1743520275285308928
1743520275318976768
1743520275352646656
1743520275386318080
1743520275419991296
1743520275453666560
1743520275487343616
1743520275521022208
1743520275554702080
1743520275588384512
1743520275622068736
1743520275655754496
1743520275689442560
1743520275723132416
1743520275756824064
1743520275790517248
1743520275824212480
1743520275857909504
1743520275891608576
1743520275925309184
1743520275958846976
1743520275992104192
1743520276025359616
1743520276058615552
1743520276091870208
1743520276125124608
1743520276158378240
1743520276191631104
1743520276224883200
1743520276258134528
1743520276291385088
1743520276324635392
1743520276357884672
1743520276391132928
1743520276424380416
1743520276457626880
1743520276490873088
1743520276524118784
1743520276557363200
1743520276590607360
1743520276623850752
1743520276657093632
1743520276690335488
1743520276723576832
1743520276756817152
1743520276790056960
1743520276823295744
1743520276856534272
1743520276889770752
1743520276923007488
1743520276956281088
1743520276989618432
1743520277023047424
1743520277056573952
1743520277090102784
1743520277123633664
1743520277157166848
1743520277190702336
1743520277224240640
1743520277257780480
1743520277291322880
1743520277324867840
1743520277358413824
1743520277391962880
1743520277425514496
1743520277459068416
1743520277492624640
1743520277526182912
1743520277559743488
1743520277593306624
1743520277626871552
1743520277660439296
1743520277694009088
1743520277727580928
1743520277761155328
1743520277794731008
1743520277828309760
1743520277861891072
1743520277895474432
1743520277929060096
1743520277962648064
1743520277996238592
1743520278029660160
1743520278062945536
1743520278096230400
1743520278129514752
1743520278162798592
1743520278196082176
1743520278229364224
1743520278262646272
1743520278295928320
1743520278329209856
1743520278362490624
1743520278395771392
1743520278429051392
1743520278462330880
1743520278495610112
1743520278528888576
1743520278562166784
1743520278595444480
1743520278628721664
1743520278661998336
1743520278695273728
1743520278728549120
1743520278761824768
1743520278795099392
1743520278828374016
1743520278861647872
1743520278894920704
1743520278928193792
1743520278961466368
1743520278994738432
1743520279028031744
1743520279061318144
1743520279094603776
1743520279127888128
1743520279161172992
1743520279194457344
1743520279227741184
1743520279261024512
1743520279294307584
1743520279327589888
1743520279360871680
1743520279394153472
1743520279427434496
1743520279460714752
1743520279493995008
1743520279527274496
1743520279560552960
1743520279593831424
1743520279627109888
1743520279660387328
1743520279693664512
1743520279726941184
1743520279760217600
1743520279793493504
1743520279826768640
1743520279860043520
1743520279893317888
1743520279926592000
1743520279959865344
1743520279993138432
1743520280026415872
1743520280059702784
1743520280092989440
1743520280126276096
1743520280159561728
1743520280192847104
1743520280226131712
1743520280259416064
1743520280292700160
1743520280325983488
1743520280359266304
1743520280392548864
1743520280425830912
1743520280459111424
1743520280492392192
1743520280525673216
1743520280558952960
1743520280592232960
1743520280625511936
1743520280658790912
1743520280692069120
1743520280725347072
1743520280758624256
1743520280791901184
1743520280825177344
1743520280858453760
1743520280891728128
1743520280925003008
1743520280958277632
1743520280991552000
1743520281024832000
1743520281058120192
1743520281091407872
1743520281124694528
1743520281157981184
1743520281191267328
1743520281224553472
1743520281257838592
1743520281291123200
1743520281324407552
1743520281357690368
1743520281390973440
1743520281424256512
1743520281457539072
1743520281490821120
1743520281524102656
1743520281557383424
1743520281590664448
1743520281623944192
1743520281657224192
1743520281690503424
1743520281723782400
1743520281757060608
1743520281790337280
1743520281823614720
1743520281856891648
1743520281890168064
1743520281923443968
1743520281956719872
1743520281989995008
1743520282023275520
1743520282056563200
1743520282089850112
1743520282123136768
1743520282156422912
1743520282189708800
1743520282222992896
1743520282256277504
1743520282289561856
1743520282322845696
1743520282356129024
1743520282389411840
1743520282422694400
1743520282455976192
1743520282489257728
1743520282522539008
1743520282555819264
1743520282589099520
1743520282622378752
1743520282655657984
1743520282688935680
1743520282722213888
1743520282755491840
1743520282788768768
1743520282822045696
1743520282855322112
1743520282888598016
1743520282921873408
1743520282955148288
1743520282988422656
1743520283021709824
1743520283054997248
1743520283088283904
1743520283121569024
1743520283154854656
1743520283188139776
1743520283221424384
1743520283254708736
1743520283287992576
1743520283321275648
1743520283354558720
1743520283387841024
1743520283421122816
1743520283454404352
1743520283487685376
1743520283520965632
1743520283554244864
1743520283587524096
1743520283620803328
1743520283654081792
1743520283687360000
1743520283720637696
1743520283753914880
1743520283787191296
1743520283820467712
1743520283853743616
1743520283887019008
1743520283920293888
1743520283953568000
1743520283986841856
1743520284020118528
1743520284053406208
1743520284086693632
1743520284119980544
1743520284153267200
1743520284186553088
1743520284219838464
1743520284253123584
1743520284286407936
1743520284319692032
1743520284352975616
1743520284386258944
1743520284419541504
1743520284452822528
1743520284486104320
1743520284519385600
1743520284552666368
1743520284585946880
1743520284619226624
1743520284652505856
1743520284685785088
1743520284719063296
1743520284752341248
1743520284785618688
1743520284818895872
1743520284852172288
1743520284885447168
1743520284918722816
1743520284951997952
1743520284985272576
1743520285018569984
1743520285051936768
1743520285085304576
1743520285118672384
1743520285152040960
1743520285185410304
1743520285218780160
1743520285252150272
1743520285285521152
1743520285318892800
1743520285352263424
1743520285385636096
1743520285419009024
1743520285452382464
1743520285485756672
1743520285519131392
1743520285552506624
1743520285585882368
1743520285619258624
1743520285652635648
1743520285686012928
1743520285719390976
1743520285752769536
1743520285786147584
1743520285819527168
1743520285852907264
1743520285886288128
1743520285919669504
1743520285953051136
1743520285986433792
1743520286019800832
1743520286053103104
1743520286086405376
1743520286119707136
1743520286153008128
1743520286186309376
1743520286219609088
1743520286252909056
1743520286286209280
1743520286319508736
1743520286352808192
1743520286386106880
1743520286419405568
1743520286452703744
1743520286486001664
1743520286519299072
1743520286552596224
1743520286585893120
1743520286619189760
1743520286652485888
1743520286685780480
1743520286719075840
1743520286752371200
1743520286785665792
1743520286818960128
1743520286852254464
1743520286885548032
1743520286918841344
1743520286952134400
1743520286985427200
1743520287018720512
1743520287052020736
1743520287085320960
1743520287118619392
1743520287151918336
1743520287185217280
1743520287218515968
1743520287251813888
1743520287285111808
1743520287318409216
1743520287351706368
1743520287385002752
1743520287418299136
1743520287451595008
1743520287484890624
1743520287518185728
1743520287551479808
1743520287584774144
1743520287618068480
1743520287651362304
1743520287684655360
1743520287717948416
1743520287751240960
1743520287784533248
1743520287817825280
1743520287851116544
1743520287884408064
1743520287917698816
1743520287950989312
1743520287984279296
1743520288017569280
1743520288050869760
1743520288084169728
1743520288117469184
1743520288150768640
1743520288184067840
1743520288217366272
1743520288250664192
1743520288283962368
1743520288317259520
1743520288350556672
1743520288383853312
1743520288417149952
1743520288450445056
1743520288483740672
1743520288517036032
1743520288550330880
1743520288583625216
1743520288616919552
1743520288650213376
1743520288683506944
1743520288716799744
1743520288750092800
1743520288783385088
1743520288816677120
1743520288849968640
1743520288883259136
1743520288916549888
1743520288949840640
1743520288983130624
1743520289016421632
1743520289049721600
1743520289083020800
1743520289116320256
1743520289149619200
1743520289182917632
1743520289216215552
1743520289249513472
1743520289282810880
1743520289316107776
1743520289349403392
1743520289382699776
1743520289415995392
1743520289449291008
1743520289482586112
1743520289515880704
1743520289549175296
1743520289582469120
1743520289615762944
1743520289649056256
1743520289682349312
1743520289715641856
1743520289748933888
1743520289782224896
1743520289815516160
1743520289848807424
1743520289882097920
1743520289915388160
1743520289948678144
1743520289981967872
1743520290015259392
1743520290048558592
1743520290081857536
1743520290115155712
1743520290148453888
1743520290181751552
1743520290215047680
1743520290248344320
1743520290281641216
1743520290314937344
1743520290348232960
1743520290381528320
1743520290414823168
1743520290448118016
1743520290481412096
1743520290514706176
1743520290547999744
1743520290581292544
1743520290614585088
1743520290647877632
1743520290681168640
1743520290714460160
1743520290747751168
1743520290781042432
1743520290814332416
1743520290847622912
1743520290880912384
1743520290914201856
1743520290947490816
1743520290980779520
1743520291014052608
1743520291047548416
1743520291081046784
1743520291114546432
1743520291148049408
1743520291181554432
1743520291215061760
1743520291248570880
1743520291282082560
1743520291315596544
1743520291349112576
1743520291382630912
1743520291416151296
1743520291449674240
1743520291483199232
1743520291516726016
1743520291550254336
1743520291583786240
1743520291617319936
1743520291650855936
1743520291684394240
1743520291717934592
1743520291751477248
1743520291785022208
1743520291818569472
1743520291852118784
1743520291885670144
1743520291919224064
1743520291952779776
1743520291986338048
1743520292019897344
1743520292053248000
1743520292086584064
1743520292119920128
1743520292153379584
1743520292187098368
1743520292220818944
1743520292254542080
1743520292288267520
1743520292321995776
1743520292355725824
1743520292389458432
1743520292423193600
1743520292456930048
1743520292490669824
1743520292524411904
1743520292558156544
1743520292591903488
1743520292625652736
1743520292659404544
1743520292693158400
1743520292726915072
1743520292760673792
1743520292794435072
1743520292828198400
1743520292861964544
1743520292895731712
1743520292929502464
1743520292963275776
1743520292997050880
1743520293030829056
1743520293064609024
1743520293098391552
1743520293132176640
1743520293165812480
1743520293199145216
1743520293232478464
1743520293265811456
1743520293299144704
1743520293332477952
1743520293365810432
1743520293399143936
1743520293432477184
1743520293465810944
1743520293499144704
1743520293532478464
1743520293565812480
1743520293599146240
1743520293632480512
1743520293665814272
1743520293699148544
1743520293732483072
1743520293765817344
1743520293799150848
1743520293832485376
1743520293865820160
1743520293899154944
1743520293932489984
1743520293965824512
1743520293999159552
1743520294032494848
1743520294065829632
1743520294099164928
1743520294132500224
1743520294165836288
1743520294199139072
1743520294232440832
1743520294265743360
1743520294299045120
1743520294332346624
1743520294365648384
1743520294398948864
1743520294432249856
1743520294465550080
1743520294498850048
1743520294532149760
1743520294565448960
1743520294598747648
1743520294632046592
1743520294665345024
1743520294698641664
1743520294731939584
1743520294765236736
1743520294798533632
1743520294831830272
1743520294865126912
1743520294898422784
1743520294931718400
1743520294965013760
1743520294998308608
1743520295031603456
1743520295064897536
1743520295098191616
1743520295131484160
1743520295164780032
1743520295198083584
1743520295231386624
1743520295264689408
1743520295297991936
1743520295331293952
1743520295364595712
1743520295397897216
1743520295431198720
1743520295464499200
1743520295497799680
1743520295531099904
1743520295564398848
1743520295597698304
1743520295630997504
1743520295664296192
1743520295697594880
1743520295730892800
1743520295764190720
1743520295797488128
1743520295830785536
1743520295864082432
1743520295897378560
1743520295930674944
1743520295963970560
1743520295997266176
1743520296030560512
1743520296063855360
1743520296097149952
1743520296130444288
1743520296163740928
1743520296197044736
1743520296230348544
1743520296263652096
1743520296296955392
1743520296330258176
1743520296363560704
1743520296396862720
1743520296430164480
1743520296463465216
1743520296496766208
1743520296530067456
1743520296563367936
1743520296596667904
1743520296629968128
1743520296663267584
1743520296696566784
1743520296729865728
1743520296763164160
1743520296796462848
1743520296829760768
1743520296863058432
1743520296896354560
1743520296929651712
1743520296962948352
1743520296996244736
1743520297029540608
1743520297062836224
1743520297096131584
1743520297129426688
1743520297162724096
1743520297196027904
1743520297229332224
1743520297262636032
1743520297295939328
1743520297329242368
1743520297362544640
1743520297395846912
1743520297429148928
1743520297462450688
1743520297495752448
1743520297529053440
1743520297562354432
1743520297595654656
1743520297628955136
1743520297662254848
1743520297695554560
1743520297728853760
1743520297762152704
1743520297795450112
1743520297828748544
1743520297862046464
1743520297895344128
1743520297928641280
1743520297961938432
1743520297995235072
1743520298028531200
1743520298061827328
1743520298095122944
1743520298128418560
1743520298161722880
1743520298195025664
1743520298228326912
1743520298261628672
1743520298294930432
1743520298328231936
1743520298361532416
1743520298394833408
1743520298428133376
1743520298461433344
1743520298494732800
1743520298528032256
1743520298561330944
1743520298594629888
1743520298627928064
1743520298661225728
1743520298694522368
1743520298727820032
1743520298761116672
1743520298794413312
1743520298827709440
1743520298861005312
1743520298894301184
1743520298927596288
1743520298960891136
1743520298994185728
1743520299027480064
1743520299060773632
1743520299094067456
1743520299127359744
1743520299160653312
1743520299193957632
1743520299227261696
1743520299260565504
1743520299293869056
1743520299327171840
1743520299360474624
1743520299393777152
1743520299427079168
1743520299460380928
1743520299493682432
1743520299526983680
1743520299560283392
1743520299593583872
1743520299626884096
1743520299660183808
1743520299693483264
1743520299726782464
1743520299760081408
1743520299793380096
1743520299826678016
1743520299859975936
1743520299893273600
1743520299926570752
1743520299959867392
1743520299993164032
1743520300026459136
1743520300059755008
1743520300093050624
1743520300126345984
1743520300159641856
1743520300192946688
1743520300226251264
1743520300259555328
1743520300292859392
1743520300326162944
1743520300359466240
1743520300392769280
1743520300426072064
1743520300459373312
1743520300492675328
1743520300525977088
1743520300559278592
1743520300592579584
1743520300625880576
1743520300659180544
1743520300692480768
1743520300725780480
1743520300759080192
1743520300792379136
1743520300825678080
1743520300858976512
1743520300892273664
1743520300925571584
1743520300958869248
1743520300992166400
1743520301025463296
1743520301058759680
1743520301092056320
1743520301125352192
1743520301158648320
1743520301191954688
1743520301225260800
1743520301258566400
1743520301291872000
1743520301325177088
1743520301358480896
1743520301391785728
1743520301425089792
1743520301458393856
1743520301491697664
1743520301525000704
1743520301558304000
1743520301591606528
1743520301624909056
1743520301658211328
1743520301691513344
1743520301724814592
1743520301758116096
1743520301791415808
1743520301824716544
1743520301858017024
1743520301891316992
1743520301924616704
1743520301957915904
1743520301991215104
1743520302024514048
1743520302057812480
1743520302091110656
1743520302124408832
1743520302157711104
1743520302191016704
1743520302224321024
1743520302257626368
1743520302290930944
1743520302324235520
1743520302357539584
1743520302390843648
1743520302424146944
1743520302457450240
1743520302490753280
1743520302524055808
1743520302557358336
1743520302590660096
1743520302623961600
1743520302657263360
1743520302690563328
1743520302723863808
1743520302757164288
1743520302790464512
1743520302823763968
1743520302857063680
1743520302890362624
1743520302923661824
1743520302956960256
1743520302990258688
1743520303023556352
1743520303056854016
1743520303090151424
1743520303123447552
1743520303156743168
1743520303190048512
1743520303223353600
1743520303256658176
1743520303289962496
1743520303323266560
1743520303356570112
1743520303389873408
1743520303423176448
1743520303456479232
1743520303489781760
1743520303523083776
1743520303556384512
1743520303589686272
1743520303622987008
1743520303656288256
1743520303689588224
1743520303722888704
1743520303756188672
1743520303789488128
1743520303822787328
1743520303856086272
1743520303889384704
1743520303922683136
1743520303955981056
1743520303989277696
1743520304022574848
1743520304055872000
1743520304089168640
1743520304122464768
1743520304155760896
1743520304189065984
1743520304222370560
1743520304255675136
1743520304288979200
1743520304322283008
1743520304355586560
1743520304388889600
1743520304422192128
1743520304455493632
1743520304488795904
1743520304522097664
1743520304555399168
1743520304588700416
1743520304622000896
1743520304655301632
1743520304688601856
1743520304721901568
1743520304755201024
1743520304788500480
1743520304821799168
1743520304855098112
1743520304888395264
1743520304921693184
1743520304954990848
1743520304988288256
1743520305021584896
1743520305054881536
1743520305088177920
1743520305121474048
1743520305154769920
1743520305188074752
1743520305221379584
1743520305254683904
1743520305287987968
1743520305321291520
1743520305354593792
1743520305387896832
1743520305421199616
1743520305454502144
1743520305487803904
1743520305521105664
1743520305554407168
1743520305587707904
1743520305621008896
1743520305654309376
1743520305687609344
1743520305720909056
1743520305754208512
1743520305787506944
1743520305820805888
1743520305854104064
1743520305887401984
1743520305920700160
1743520305953997568
1743520305987294720
1743520306020591616
1743520306053888256
1743520306087184384
1743520306120480256
1743520306153775872
1743520306187090944
1743520306220382720
1743520306253906432
1743520306287431936
1743520306320958208
1743520306354485248
1743520306388013568
1743520306421543424
1743520306455073792
1743520306488605440
1743520306522138112
1743520306555671808
1743520306589207040
1743520306622742528
1743520306656279808
1743520306689816832
1743520306723355904
1743520306756896000
1743520306790437376
1743520306823979776
1743520306857523200
1743520306891067648
1743520306924613120
1743520306958159872
1743520306991707904
1743520307025256704
1743520307058806528
1743520307092357376
1743520307125908480
1743520307159461376
1743520307193015552
1743520307226600704
1743520307259883776
1743520307293166592
1743520307326448640
1743520307359730432
1743520307393011456
1743520307426292224
1743520307459572480
1743520307492851968
1743520307526131200
1743520307559408896
1743520307592687104
1743520307625964544
1743520307659241728
1743520307692518144
1743520307725794304
1743520307759069952
1743520307792345088
1743520307825619456
1743520307858893312
1743520307892167168
1743520307925440000
1743520307958712320
1743520307991984384
1743520308025254912
1743520308058525440
1743520308091796224
1743520308125066240
1743520308158335488
1743520308191604480
1743520308224847872
1743520308258340864
1743520308291836160
1743520308325333760
1743520308358833664
1743520308392335360
1743520308425839872
1743520308459345664
1743520308492854272
1743520308526365184
1743520308559878400
1743520308593393920
1743520308626911744
1743520308660431616
1743520308693953792
1743520308727478272
1743520308761004800
1743520308794533632
1743520308828065024
1743520308861598464
1743520308895132672
1743520308928670720
1743520308962210816
1743520308995753216
1743520309029297920
1743520309062844416
1743520309096393472
1743520309129944832
1743520309163498752
1743520309197054208
1743520309230612224
1743520309263962624
1743520309297282816
1743520309330603008
1743520309363921920
1743520309397241856
1743520309430561024
1743520309463880192
1743520309497199616
1743520309530518528
1743520309563837440
1743520309597156096
1743520309630474240
1743520309663792640
1743520309697110528
1743520309730428416
1743520309763746048
1743520309797062656
1743520309830380032
1743520309863697152
1743520309897014016
1743520309930330624
1743520309963647488
1743520309996963840
1743520310030279936
1743520310063595776
1743520310096911616
1743520310130227200
1743520310163542528
1743520310196857856
1743520310230171904
1743520310263491584
1743520310296812032
1743520310330131968
1743520310363451904
1743520310396771584
1743520310430091264
1743520310463410688
1743520310496729856
1743520310530048768
1743520310563367680
1743520310596686336
1743520310630004736
1743520310663322880
1743520310696640000
1743520310729958144
1743520310763275520
1743520310796592896
1743520310829910528
1743520310863227648
1743520310896544768
1743520310929861376
1743520310963177984
1743520310996494592
1743520311029810688
1743520311063126784
1743520311096442368
1743520311129757184
1743520311163072768
1743520311196388096
1743520311229703168
1743520311263022080
1743520311296342528
1743520311329662208
1743520311362982144
1743520311396301568
1743520311429620992
1743520311462939904
1743520311496259072
1743520311529577728
1743520311562895360
1743520311596213504
1743520311629532160
