1743518933007860224
1743518933046665216
1743518933086823680
1743518933125918720
1743518933165710080
1743518933206197760
1743518933247381760
1743518933289261824
1743518933331838208
1743518933374518528
1743518933415036416
1743518933455740416
1743518933496630528
1743518933537706496
1743518933578313216
1743518933616795136
1743518933655119360
1743518933693080320
1743518933730049280
1743518933766751232
1743518933803123968
1743518933839014912
1743518933874611968
1743518933909918464
1743518933944971776
1743518933979733504
1743518934014218240
1743518934048573696
1743518934082648576
1743518934116467200
1743518934150253312
1743518934183776256
1743518934217036544
1743518934250033920
1743518934282768896
1743518934315241216
1743518934348127488
1743518934381522432
1743518934414738432
1743518934447774976
1743518934480632064
1743518934513521920
1743518934546431232
1743518934579177984
1743518934611837952
1743518934644403968
1743518934676811520
1743518934709177344
1743518934741490944
1743518934773653760
1743518934805773568
1743518934837918464
1743518934869923584
1743518934901788928
1743518934933514240
1743518934965098496
1743518934996544000
1743518935027849984
1743518935059015936
1743518935090041856
1743518935120927744
1743518935151673856
1743518935182279936
1743518935212746496
1743518935243073024
1743518935273259520
1743518935303306240
1743518935333213184
1743518935362979072
1743518935392606464
1743518935422093568
1743518935451441152
1743518935480648192
1743518935509715712
1743518935538643712
1743518935567431168
1743518935596079104
1743518935624587264
1743518935652955392
1743518935681183488
1743518935711344128
1743518935744592128
1743518935777833984
1743518935811068672
1743518935844296704
1743518935877517824
1743518935910731520
1743518935943938304
1743518935977138176
1743518936010330880
1743518936043516672
1743518936076695808
1743518936109867264
1743518936143032064
1743518936176189696
1743518936209339392
1743518936242483200
1743518936275620096
1743518936308749312
1743518936341872128
1743518936374987776
1743518936408096512
1743518936441198080
1743518936474292736
1743518936507380480
1743518936540461056
1743518936573534464
1743518936606600960
1743518936639659520
1743518936672711936
1743518936705671168
1743518936738470912
1743518936771252992
1743518936804017664
1743518936836764672
1743518936869494016
1743518936902205696
1743518936934899456
1743518936967575808
1743518937000234240
1743518937032875264
1743518937065497600
1743518937098103296
1743518937130691328
1743518937163261440
1743518937195814144
1743518937228349440
1743518937260866560
1743518937293366528
1743518937325848320
1743518937358312960
1743518937390759424
1743518937423188736
1743518937455600128
1743518937487993856
1743518937520369408
1743518937552727552
1743518937585068544
1743518937617391616
1743518937649697024
1743518937682345216
1743518937715596544
1743518937748849408
1743518937782103808
1743518937815359744
1743518937848617728
1743518937881877248
1743518937915138560
1743518937948400384
1743518937981664768
1743518938014930688
1743518938048198400
1743518938081467904
1743518938114738944
1743518938148011776
1743518938181286144
1743518938214562048
1743518938247840000
1743518938281119232
1743518938314400256
1743518938347683072
1743518938380966400
1743518938414252288
1743518938447539712
1743518938480829184
1743518938514120192
1743518938547412992
1743518938580707072
1743518938614002944
1743518938647300608
1743518938680628480
1743518938714060544
1743518938747497728
1743518938780940288
1743518938814387712
1743518938847839232
1743518938881297408
1743518938914760704
1743518938948228864
1743518938981702144
1743518939015180800
1743518939048664576
1743518939082153472
1743518939115647744
1743518939149147136
1743518939182651648
1743518939216161280
1743518939249676032
1743518939283195136
1743518939316720128
1743518939350250496
1743518939383786240
1743518939417326848
1743518939450872832
1743518939484423936
1743518939517980160
1743518939551541504
1743518939585108224
1743518939618680064
1743518939652257024
1743518939685808640
1743518939719281664
1743518939752761088
1743518939786245376
1743518939819734272
1743518939853228288
1743518939886727424
1743518939920231424
1743518939953740032
1743518939987253760
1743518940020772096
1743518940054296064
1743518940087824640
1743518940121357568
1743518940154896128
1743518940188438272
1743518940221986560
1743518940255539712
1743518940289097728
1743518940322660352
1743518940356228352
1743518940389800960
1743518940423378944
1743518940456961280
1743518940490548736
1743518940524141312
1743518940557738752
1743518940591341056
1743518940624947200
1743518940658559232
1743518940692099072
1743518940725447680
1743518940758797056
1743518940792147200
1743518940825498880
1743518940858851328
1743518940892205056
1743518940925559808
1743518940958915584
1743518940992272640
1743518941025630720
1743518941058988544
1743518941092348672
1743518941125710080
1743518941159072256
1743518941192435456
1743518941225799680
1743518941259165184
1743518941292531968
1743518941325899520
1743518941359268352
1743518941392637952
1743518941426008832
1743518941459380992
1743518941492753920
1743518941526127104
1743518941559501824
1743518941592878080
1743518941626255872
1743518941659633920
1743518941693006848
1743518941726319104
1743518941759631360
1743518941792943872
1743518941826256128
1743518941859568640
1743518941892880896
1743518941926193408
1743518941959504640
1743518941992817152
1743518942026129408
1743518942059441920
1743518942092754176
1743518942126066688
1743518942159379200
1743518942192691712
1743518942226003968
1743518942259316480
1743518942292628992
1743518942325941248
1743518942359253760
1743518942392565504
1743518942425878016
1743518942459190272
1743518942492503040
1743518942525815552
1743518942559128064
1743518942592440320
1743518942625752832
1743518942659065600
1743518942692377600
1743518942725692160
1743518942759006720
1743518942792321536
1743518942825635840
1743518942858949632
1743518942892264448
1743518942925579008
1743518942958893824
1743518942992208640
1743518943025523456
1743518943058838016
1743518943092153088
1743518943125467904
1743518943158782464
1743518943192097536
1743518943225412096
1743518943258727168
1743518943292040704
1743518943325355776
1743518943358670592
1743518943391985408
1743518943425300480
1743518943458615296
1743518943491930368
1743518943525245184
1743518943558560256
1743518943591875072
1743518943625190144
1743518943658504960
1743518943691817472
1743518943725132288
1743518943758448128
1743518943791763712
1743518943825079552
1743518943858395648
1743518943891711232
1743518943925027072
1743518943958342912
1743518943991658752
1743518944024974592
1743518944058290176
1743518944091606016
1743518944124922112
1743518944158237952
1743518944191552768
1743518944224868864
1743518944258184448
1743518944291500288
1743518944324816128
1743518944358132224
1743518944391447808
1743518944424763648
1743518944458079488
1743518944491395584
1743518944524711424
1743518944558027008
1743518944591343104
1743518944624658176
1743518944657974016
1743518944691289344
1743518944724605440
1743518944757921280
1743518944791237120
1743518944824552960
1743518944857868800
1743518944891184640
1743518944924500480
1743518944957816064
1743518944991131904
1743518945024447744
1743518945057762560
1743518945091078400
1743518945124394240
1743518945157709824
1743518945191025408
1743518945224341248
1743518945257656832
1743518945290972416
1743518945324288256
1743518945357603840
1743518945390919168
1743518945424234752
1743518945457550336
1743518945490865920
1743518945524180480
1743518945557496064
1743518945590811392
1743518945624126976
1743518945657442304
1743518945690754560
1743518945724070912
1743518945757387008
1743518945790703104
1743518945824019200
1743518945857335296
1743518945890651136
1743518945923967488
1743518945957282304
1743518945990598144
1743518946023913984
1743518946057230080
1743518946090545920
1743518946123861504
1743518946157177344
1743518946190493440
1743518946223809024
1743518946257124864
1743518946290440704
1743518946323756544
1743518946357072128
1743518946390386944
1743518946423702528
1743518946457017856
1743518946490333440
1743518946523649024
1743518946556964608
1743518946590279936
1743518946623595520
1743518946656911104
1743518946690226432
1743518946723659520
1743518946757094656
1743518946790531328
1743518946823970048
1743518946857409792
1743518946890852096
1743518946924296960
1743518946957743360
1743518946991191552
1743518947024642304
1743518947058094336
1743518947091548416
1743518947125004544
1743518947158462464
1743518947191922432
1743518947225384192
1743518947258848256
1743518947292312832
1743518947325780736
1743518947359250176
1743518947392721408
1743518947426194944
1743518947459670272
1743518947493147648
1743518947526626816
1743518947560107776
1743518947593591040
1743518947627075584
1743518947660562432
1743518947694049792
1743518947727396352
1743518947760744192
1743518947794092544
1743518947827440896
1743518947860789760
1743518947894139136
1743518947927488256
1743518947960838144
1743518947994188288
1743518948027538432
1743518948060889600
1743518948094240512
1743518948127591936
1743518948160943872
1743518948194294784
1743518948227646976
1743518948260999424
1743518948294352640
1743518948327705856
1743518948361059328
1743518948394413568
1743518948427767552
1743518948461122048
1743518948494477056
1743518948527832320
1743518948561187840
1743518948594543616
1743518948627898624
1743518948661255424
1743518948694611712
1743518948727941376
1743518948761270784
1743518948794600704
1743518948827930368
1743518948861260032
1743518948894589952
1743518948927919616
1743518948961249536
1743518948994579200
1743518949027909376
1743518949061237760
1743518949094567936
1743518949127897856
1743518949161227520
1743518949194557440
1743518949227887104
1743518949261217024
1743518949294546944
1743518949327877120
1743518949361206784
1743518949394536704
1743518949427866624
1743518949461196544
1743518949494526720
1743518949527855360
1743518949561185536
